08/05/2020 ; 11:56:43 ; 166,1 ; 2000,0 ; -10,0 ; 22,1 ; 22,1 ; 22,4 ; 21,9 ; 21,6 ; NOP
08/05/2020 ; 11:56:46 ; 166,1 ; 2000,0 ; -10,0 ; 22,1 ; 22,1 ; 22,4 ; 21,9 ; 21,6 ; NOP
08/05/2020 ; 11:56:49 ; 169,0 ; 2000,0 ; -10,2 ; 22,1 ; 22,1 ; 22,4 ; 21,9 ; 21,6 ; NOP
08/05/2020 ; 11:56:52 ; 169,0 ; 2000,0 ; -10,2 ; 22,1 ; 22,1 ; 22,4 ; 21,9 ; 21,6 ; NOP
08/05/2020 ; 11:56:55 ; 169,0 ; 2000,0 ; -10,2 ; 22,1 ; 22,1 ; 22,4 ; 21,9 ; 21,6 ; NOP
08/05/2020 ; 11:56:58 ; 169,3 ; 2000,0 ; -10,2 ; 22,1 ; 22,1 ; 22,4 ; 21,9 ; 21,6 ; NOP
08/05/2020 ; 11:57:01 ; 169,3 ; 2000,0 ; -10,1 ; 22,1 ; 22,1 ; 22,4 ; 21,9 ; 21,5 ; NOP
08/05/2020 ; 11:57:04 ; 169,3 ; 2000,0 ; -10,1 ; 22,1 ; 22,1 ; 22,4 ; 21,9 ; 21,5 ; NOP
08/05/2020 ; 11:57:07 ; 169,3 ; 2000,0 ; -10,1 ; 22,1 ; 22,1 ; 22,4 ; 21,9 ; 21,5 ; NOP
08/05/2020 ; 11:57:10 ; 166,1 ; 2000,0 ; -10,1 ; 22,1 ; 22,1 ; 22,4 ; 21,9 ; 21,5 ; NOP
08/05/2020 ; 11:57:13 ; 166,1 ; 2000,0 ; -10,1 ; 22,1 ; 22,1 ; 22,4 ; 21,9 ; 21,6 ; NOP
08/05/2020 ; 11:57:16 ; 166,1 ; 2000,0 ; -10,1 ; 22,1 ; 22,1 ; 22,4 ; 21,9 ; 21,6 ; NOP
08/05/2020 ; 11:57:19 ; 169,6 ; 2000,0 ; -10,1 ; 22,1 ; 22,1 ; 22,4 ; 21,9 ; 21,6 ; NOP
08/05/2020 ; 11:57:22 ; 169,6 ; 2000,0 ; -10,1 ; 22,1 ; 22,1 ; 22,4 ; 21,9 ; 21,6 ; NOP
08/05/2020 ; 11:57:25 ; 169,6 ; 2000,0 ; -10,1 ; 22,1 ; 22,1 ; 22,4 ; 21,9 ; 21,6 ; NOP
08/05/2020 ; 11:57:28 ; 169,6 ; 2000,0 ; -10,1 ; 22,1 ; 22,1 ; 22,4 ; 21,9 ; 21,6 ; NOP
08/05/2020 ; 11:57:31 ; 169,6 ; 2000,0 ; -10,1 ; 22,1 ; 22,1 ; 22,4 ; 21,9 ; 21,6 ; NOP
08/05/2020 ; 11:57:34 ; 169,6 ; 2000,0 ; -10,1 ; 22,1 ; 22,1 ; 22,4 ; 21,9 ; 21,6 ; NOP
08/05/2020 ; 11:57:37 ; 169,6 ; 2000,0 ; -10,1 ; 22,1 ; 22,1 ; 22,4 ; 21,9 ; 21,6 ; NOP
08/05/2020 ; 11:57:40 ; 168,0 ; 2000,0 ; -10,2 ; 22,1 ; 22,1 ; 22,4 ; 21,9 ; 21,6 ; NOP
08/05/2020 ; 11:57:43 ; 168,0 ; 2000,0 ; -10,2 ; 22,1 ; 22,1 ; 22,4 ; 21,9 ; 21,6 ; NOP
08/05/2020 ; 11:57:46 ; 168,0 ; 2000,0 ; -10,2 ; 22,1 ; 22,1 ; 22,4 ; 21,9 ; 21,6 ; NOP
08/05/2020 ; 11:57:49 ; 166,1 ; 2000,0 ; -10,2 ; 22,1 ; 22,1 ; 22,4 ; 21,9 ; 21,6 ; NOP
08/05/2020 ; 11:57:52 ; 166,1 ; 2000,0 ; -10,2 ; 22,1 ; 22,1 ; 22,4 ; 21,9 ; 21,6 ; NOP
08/05/2020 ; 11:57:55 ; 166,1 ; 2000,0 ; -10,2 ; 22,1 ; 22,1 ; 22,4 ; 21,9 ; 21,6 ; NOP
08/05/2020 ; 11:57:58 ; 166,1 ; 2000,0 ; -10,2 ; 22,1 ; 22,1 ; 22,4 ; 21,9 ; 21,6 ; NOP
08/05/2020 ; 11:58:01 ; 166,1 ; 2000,0 ; -10,0 ; 22,1 ; 22,1 ; 22,4 ; 21,9 ; 21,6 ; NOP
08/05/2020 ; 11:58:04 ; 166,1 ; 2000,0 ; -10,0 ; 22,1 ; 22,1 ; 22,4 ; 21,9 ; 21,6 ; NOP
08/05/2020 ; 11:58:07 ; 166,1 ; 2000,0 ; -10,0 ; 22,1 ; 22,1 ; 22,4 ; 21,9 ; 21,6 ; NOP
08/05/2020 ; 11:58:10 ; 166,1 ; 2000,0 ; -10,1 ; 22,1 ; 22,1 ; 22,4 ; 21,9 ; 21,6 ; NOP
08/05/2020 ; 11:58:13 ; 166,1 ; 2000,0 ; -10,1 ; 22,1 ; 22,1 ; 22,4 ; 21,9 ; 21,6 ; NOP
08/05/2020 ; 11:58:16 ; 166,1 ; 2000,0 ; -10,1 ; 22,1 ; 22,1 ; 22,4 ; 21,9 ; 21,6 ; NOP
08/05/2020 ; 11:58:19 ; 169,6 ; 2000,0 ; -10,1 ; 22,1 ; 22,1 ; 22,4 ; 21,9 ; 21,6 ; NOP
08/05/2020 ; 11:58:22 ; 169,6 ; 2000,0 ; -10,1 ; 22,1 ; 22,1 ; 22,4 ; 21,9 ; 21,6 ; NOP
08/05/2020 ; 11:58:25 ; 169,6 ; 2000,0 ; -10,1 ; 22,1 ; 22,1 ; 22,4 ; 21,9 ; 21,6 ; NOP
08/05/2020 ; 11:58:28 ; 166,1 ; 2000,0 ; -10,1 ; 22,1 ; 22,1 ; 22,4 ; 21,9 ; 21,6 ; NOP
08/05/2020 ; 11:58:31 ; 166,1 ; 2000,0 ; -10,0 ; 22,1 ; 22,1 ; 22,4 ; 21,9 ; 21,6 ; NOP
08/05/2020 ; 11:58:34 ; 166,1 ; 2000,0 ; -10,0 ; 22,1 ; 22,1 ; 22,4 ; 21,9 ; 21,6 ; NOP
08/05/2020 ; 11:58:37 ; 166,1 ; 2000,0 ; -10,0 ; 22,1 ; 22,1 ; 22,4 ; 21,9 ; 21,6 ; NOP
08/05/2020 ; 11:58:40 ; 166,1 ; 2000,0 ; -10,0 ; 22,1 ; 22,1 ; 22,4 ; 21,9 ; 21,6 ; NOP
08/05/2020 ; 11:58:43 ; 166,1 ; 2000,0 ; -10,1 ; 22,1 ; 22,1 ; 22,4 ; 21,9 ; 21,6 ; NOP
08/05/2020 ; 11:58:46 ; 166,1 ; 2000,0 ; -10,1 ; 22,1 ; 22,1 ; 22,4 ; 21,9 ; 21,6 ; NOP
08/05/2020 ; 11:58:49 ; 168,0 ; 2000,0 ; -10,1 ; 22,1 ; 22,1 ; 22,4 ; 21,9 ; 21,6 ; NOP
08/05/2020 ; 11:58:52 ; 168,0 ; 2000,0 ; -10,1 ; 22,1 ; 22,1 ; 22,4 ; 21,9 ; 21,6 ; NOP
08/05/2020 ; 11:58:55 ; 168,0 ; 2000,0 ; -10,1 ; 22,1 ; 22,1 ; 22,4 ; 21,9 ; 21,6 ; NOP
08/05/2020 ; 11:58:58 ; 168,0 ; 2000,0 ; -10,1 ; 22,1 ; 22,1 ; 22,4 ; 21,9 ; 21,6 ; NOP
08/05/2020 ; 11:59:01 ; 168,3 ; 2000,0 ; -10,2 ; 22,1 ; 22,1 ; 22,4 ; 21,9 ; 21,6 ; NOP
08/05/2020 ; 11:59:04 ; 168,3 ; 2000,0 ; -10,2 ; 22,1 ; 22,1 ; 22,4 ; 21,9 ; 21,6 ; NOP
08/05/2020 ; 11:59:07 ; 168,3 ; 2000,0 ; -10,2 ; 22,1 ; 22,1 ; 22,4 ; 21,9 ; 21,6 ; NOP
08/05/2020 ; 11:59:10 ; 169,0 ; 2000,0 ; -10,2 ; 22,1 ; 22,1 ; 22,4 ; 21,9 ; 21,6 ; NOP
08/05/2020 ; 11:59:13 ; 169,0 ; 2000,0 ; -10,1 ; 22,1 ; 22,1 ; 22,4 ; 21,9 ; 21,6 ; NOP
08/05/2020 ; 11:59:16 ; 169,0 ; 2000,0 ; -10,1 ; 22,1 ; 22,1 ; 22,4 ; 21,9 ; 21,6 ; NOP
08/05/2020 ; 11:59:19 ; 166,1 ; 2000,0 ; -10,1 ; 22,1 ; 22,1 ; 22,4 ; 21,9 ; 21,6 ; NOP
08/05/2020 ; 11:59:22 ; 166,1 ; 2000,0 ; -10,1 ; 22,1 ; 22,1 ; 22,4 ; 21,9 ; 21,6 ; NOP
08/05/2020 ; 11:59:25 ; 166,1 ; 2000,0 ; -10,1 ; 22,1 ; 22,1 ; 22,4 ; 21,9 ; 21,6 ; NOP
08/05/2020 ; 11:59:28 ; 166,1 ; 2000,0 ; -10,1 ; 22,1 ; 22,1 ; 22,4 ; 21,9 ; 21,6 ; NOP
08/05/2020 ; 11:59:31 ; 169,0 ; 2000,0 ; -10,1 ; 22,1 ; 22,1 ; 22,4 ; 21,9 ; 21,6 ; NOP
08/05/2020 ; 11:59:34 ; 169,0 ; 2000,0 ; -10,1 ; 22,1 ; 22,1 ; 22,4 ; 21,9 ; 21,6 ; NOP
08/05/2020 ; 11:59:37 ; 169,0 ; 2000,0 ; -10,1 ; 22,1 ; 22,1 ; 22,4 ; 21,9 ; 21,6 ; NOP
08/05/2020 ; 11:59:40 ; 168,6 ; 2000,0 ; -10,1 ; 22,1 ; 22,1 ; 22,4 ; 21,9 ; 21,6 ; NOP
08/05/2020 ; 11:59:43 ; 168,6 ; 2000,0 ; -10,0 ; 22,1 ; 22,1 ; 22,5 ; 21,9 ; 21,6 ; NOP
08/05/2020 ; 11:59:46 ; 168,6 ; 2000,0 ; -10,0 ; 22,1 ; 22,1 ; 22,5 ; 21,9 ; 21,6 ; NOP
08/05/2020 ; 11:59:49 ; 168,6 ; 2000,0 ; -10,0 ; 22,1 ; 22,1 ; 22,5 ; 21,9 ; 21,6 ; NOP
08/05/2020 ; 11:59:52 ; 169,6 ; 2000,0 ; -10,1 ; 22,1 ; 22,1 ; 22,5 ; 21,9 ; 21,6 ; NOP
08/05/2020 ; 11:59:55 ; 169,6 ; 2000,0 ; -10,1 ; 22,1 ; 22,1 ; 22,5 ; 21,9 ; 21,6 ; NOP
08/05/2020 ; 11:59:58 ; 169,6 ; 2000,0 ; -10,1 ; 22,1 ; 22,1 ; 22,5 ; 21,9 ; 21,6 ; NOP
08/05/2020 ; 12:00:01 ; 169,0 ; 2000,0 ; -10,1 ; 22,1 ; 22,1 ; 22,5 ; 21,9 ; 21,6 ; NOP
08/05/2020 ; 12:00:04 ; 169,0 ; 2000,0 ; -10,1 ; 22,1 ; 22,1 ; 22,5 ; 21,9 ; 21,6 ; NOP
08/05/2020 ; 12:00:07 ; 169,0 ; 2000,0 ; -10,1 ; 22,1 ; 22,1 ; 22,5 ; 21,9 ; 21,6 ; NOP
08/05/2020 ; 12:00:10 ; 169,6 ; 2000,0 ; -10,2 ; 22,1 ; 22,1 ; 22,5 ; 21,9 ; 21,6 ; NOP
08/05/2020 ; 12:00:13 ; 169,6 ; 2000,0 ; -10,2 ; 22,1 ; 22,1 ; 22,5 ; 21,9 ; 21,6 ; NOP
08/05/2020 ; 12:00:16 ; 169,6 ; 2000,0 ; -10,2 ; 22,1 ; 22,1 ; 22,5 ; 21,9 ; 21,6 ; NOP
08/05/2020 ; 12:00:19 ; 169,6 ; 2000,0 ; -10,2 ; 22,1 ; 22,1 ; 22,5 ; 21,9 ; 21,6 ; NOP
08/05/2020 ; 12:00:22 ; 169,6 ; 2000,0 ; -10,2 ; 22,1 ; 22,1 ; 22,5 ; 21,9 ; 21,6 ; NOP
08/05/2020 ; 12:00:25 ; 169,6 ; 2000,0 ; -10,2 ; 22,1 ; 22,1 ; 22,5 ; 21,9 ; 21,6 ; NOP
08/05/2020 ; 12:00:28 ; 169,6 ; 2000,0 ; -10,2 ; 22,1 ; 22,1 ; 22,5 ; 21,9 ; 21,6 ; NOP
08/05/2020 ; 12:00:31 ; 166,1 ; 2000,0 ; -10,0 ; 22,1 ; 22,1 ; 22,5 ; 21,9 ; 21,6 ; NOP
08/05/2020 ; 12:00:34 ; 166,1 ; 2000,0 ; -10,0 ; 22,1 ; 22,1 ; 22,5 ; 21,9 ; 21,6 ; NOP
08/05/2020 ; 12:00:37 ; 166,1 ; 2000,0 ; -10,0 ; 22,1 ; 22,1 ; 22,5 ; 21,9 ; 21,6 ; NOP
08/05/2020 ; 12:00:40 ; 169,3 ; 2000,0 ; -10,2 ; 22,1 ; 22,1 ; 22,4 ; 21,9 ; 21,6 ; NOP
08/05/2020 ; 12:00:43 ; 169,3 ; 2000,0 ; -10,2 ; 22,1 ; 22,1 ; 22,4 ; 21,9 ; 21,6 ; NOP
08/05/2020 ; 12:00:46 ; 169,3 ; 2000,0 ; -10,2 ; 22,1 ; 22,1 ; 22,4 ; 21,9 ; 21,6 ; NOP
08/05/2020 ; 12:00:49 ; 169,3 ; 2000,0 ; -10,2 ; 22,1 ; 22,1 ; 22,4 ; 21,9 ; 21,6 ; NOP
08/05/2020 ; 12:00:52 ; 169,3 ; 2000,0 ; -10,0 ; 22,1 ; 22,1 ; 22,5 ; 21,9 ; 21,6 ; NOP
08/05/2020 ; 12:00:55 ; 169,3 ; 2000,0 ; -10,0 ; 22,1 ; 22,1 ; 22,5 ; 21,9 ; 21,6 ; NOP
08/05/2020 ; 12:00:58 ; 169,3 ; 2000,0 ; -10,0 ; 22,1 ; 22,1 ; 22,5 ; 21,9 ; 21,6 ; NOP
08/05/2020 ; 12:01:01 ; 169,0 ; 2000,0 ; -10,1 ; 22,1 ; 22,1 ; 22,5 ; 21,9 ; 21,6 ; NOP
08/05/2020 ; 12:01:04 ; 169,0 ; 2000,0 ; -10,1 ; 22,1 ; 22,1 ; 22,5 ; 21,9 ; 21,6 ; NOP
08/05/2020 ; 12:01:07 ; 169,0 ; 2000,0 ; -10,1 ; 22,1 ; 22,1 ; 22,5 ; 21,9 ; 21,6 ; NOP
08/05/2020 ; 12:01:10 ; 166,1 ; 2000,0 ; -10,2 ; 22,1 ; 22,1 ; 22,5 ; 22,0 ; 21,6 ; NOP
08/05/2020 ; 12:01:13 ; 166,1 ; 2000,0 ; -10,2 ; 22,1 ; 22,1 ; 22,5 ; 22,0 ; 21,6 ; NOP
08/05/2020 ; 12:01:16 ; 166,1 ; 2000,0 ; -10,2 ; 22,1 ; 22,1 ; 22,5 ; 22,0 ; 21,6 ; NOP
08/05/2020 ; 12:01:19 ; 166,1 ; 2000,0 ; -10,2 ; 22,1 ; 22,1 ; 22,5 ; 22,0 ; 21,6 ; NOP
08/05/2020 ; 12:01:22 ; 168,3 ; 2000,0 ; -10,2 ; 22,1 ; 22,1 ; 22,5 ; 22,0 ; 21,6 ; NOP
08/05/2020 ; 12:01:25 ; 168,3 ; 2000,0 ; -10,2 ; 22,1 ; 22,1 ; 22,5 ; 22,0 ; 21,6 ; NOP
08/05/2020 ; 12:01:28 ; 168,3 ; 2000,0 ; -10,2 ; 22,1 ; 22,1 ; 22,5 ; 22,0 ; 21,6 ; NOP
08/05/2020 ; 12:01:31 ; 168,0 ; 2000,0 ; -10,2 ; 22,1 ; 22,1 ; 22,5 ; 21,9 ; 21,6 ; NOP
08/05/2020 ; 12:01:34 ; 168,0 ; 2000,0 ; -10,2 ; 22,1 ; 22,1 ; 22,5 ; 21,9 ; 21,6 ; NOP
08/05/2020 ; 12:01:37 ; 168,0 ; 2000,0 ; -10,2 ; 22,1 ; 22,1 ; 22,5 ; 21,9 ; 21,6 ; NOP
08/05/2020 ; 12:01:40 ; 166,1 ; 2000,0 ; -10,1 ; 22,1 ; 22,1 ; 22,5 ; 21,9 ; 21,6 ; NOP
08/05/2020 ; 12:01:43 ; 166,1 ; 2000,0 ; -10,1 ; 22,1 ; 22,1 ; 22,5 ; 21,9 ; 21,6 ; NOP
08/05/2020 ; 12:01:46 ; 166,1 ; 2000,0 ; -10,1 ; 22,1 ; 22,1 ; 22,5 ; 21,9 ; 21,6 ; NOP
08/05/2020 ; 12:01:49 ; 166,1 ; 2000,0 ; -10,1 ; 22,1 ; 22,1 ; 22,5 ; 21,9 ; 21,6 ; NOP
08/05/2020 ; 12:01:52 ; 169,3 ; 2000,0 ; -10,2 ; 22,1 ; 22,1 ; 22,5 ; 21,9 ; 21,6 ; NOP
08/05/2020 ; 12:01:55 ; 169,3 ; 2000,0 ; -10,2 ; 22,1 ; 22,1 ; 22,5 ; 21,9 ; 21,6 ; NOP
08/05/2020 ; 12:01:58 ; 169,3 ; 2000,0 ; -10,2 ; 22,1 ; 22,1 ; 22,5 ; 21,9 ; 21,6 ; NOP
08/05/2020 ; 12:02:01 ; 169,0 ; 2000,0 ; -10,1 ; 22,1 ; 22,1 ; 22,5 ; 22,0 ; 21,6 ; NOP
08/05/2020 ; 12:02:04 ; 169,0 ; 2000,0 ; -10,1 ; 22,1 ; 22,1 ; 22,5 ; 22,0 ; 21,6 ; NOP
08/05/2020 ; 12:02:07 ; 169,0 ; 2000,0 ; -10,1 ; 22,1 ; 22,1 ; 22,5 ; 22,0 ; 21,6 ; NOP
08/05/2020 ; 12:02:10 ; 169,6 ; 2000,0 ; -10,1 ; 22,1 ; 22,2 ; 22,5 ; 22,0 ; 21,6 ; NOP
08/05/2020 ; 12:02:13 ; 169,6 ; 2000,0 ; -10,1 ; 22,1 ; 22,2 ; 22,5 ; 22,0 ; 21,6 ; NOP
08/05/2020 ; 12:02:16 ; 169,6 ; 2000,0 ; -10,1 ; 22,1 ; 22,2 ; 22,5 ; 22,0 ; 21,6 ; NOP
08/05/2020 ; 12:02:19 ; 169,6 ; 2000,0 ; -10,1 ; 22,1 ; 22,2 ; 22,5 ; 22,0 ; 21,6 ; NOP
08/05/2020 ; 12:02:22 ; 169,6 ; 2000,0 ; -10,1 ; 22,1 ; 22,2 ; 22,5 ; 22,0 ; 21,6 ; NOP
08/05/2020 ; 12:02:25 ; 169,6 ; 2000,0 ; -10,1 ; 22,1 ; 22,2 ; 22,5 ; 22,0 ; 21,6 ; NOP
08/05/2020 ; 12:02:28 ; 169,6 ; 2000,0 ; -10,1 ; 22,1 ; 22,2 ; 22,5 ; 22,0 ; 21,6 ; NOP
08/05/2020 ; 12:02:31 ; 168,6 ; 2000,0 ; -10,0 ; 22,1 ; 22,1 ; 22,5 ; 22,0 ; 21,6 ; NOP
08/05/2020 ; 12:02:34 ; 168,6 ; 2000,0 ; -10,0 ; 22,1 ; 22,1 ; 22,5 ; 22,0 ; 21,6 ; NOP
08/05/2020 ; 12:02:37 ; 168,6 ; 2000,0 ; -10,0 ; 22,1 ; 22,1 ; 22,5 ; 22,0 ; 21,6 ; NOP
08/05/2020 ; 12:02:40 ; 169,9 ; 2000,0 ; -10,1 ; 22,1 ; 22,2 ; 22,5 ; 22,0 ; 21,6 ; NOP
08/05/2020 ; 12:02:43 ; 169,9 ; 2000,0 ; -10,1 ; 22,1 ; 22,2 ; 22,5 ; 22,0 ; 21,6 ; NOP
08/05/2020 ; 12:02:46 ; 169,9 ; 2000,0 ; -10,1 ; 22,1 ; 22,2 ; 22,5 ; 22,0 ; 21,6 ; NOP
08/05/2020 ; 12:02:49 ; 169,9 ; 2000,0 ; -10,1 ; 22,1 ; 22,2 ; 22,5 ; 22,0 ; 21,6 ; NOP
08/05/2020 ; 12:02:52 ; 168,0 ; 2000,0 ; -10,0 ; 22,1 ; 22,1 ; 22,5 ; 22,0 ; 21,6 ; NOP
08/05/2020 ; 12:02:55 ; 168,0 ; 2000,0 ; -10,0 ; 22,1 ; 22,1 ; 22,5 ; 22,0 ; 21,6 ; NOP
08/05/2020 ; 12:02:58 ; 168,0 ; 2000,0 ; -10,0 ; 22,1 ; 22,1 ; 22,5 ; 22,0 ; 21,6 ; NOP
08/05/2020 ; 12:03:01 ; 166,1 ; 2000,0 ; -10,0 ; 22,1 ; 22,1 ; 22,5 ; 22,0 ; 21,6 ; NOP
08/05/2020 ; 12:03:04 ; 166,1 ; 2000,0 ; -10,0 ; 22,1 ; 22,1 ; 22,5 ; 22,0 ; 21,6 ; NOP
08/05/2020 ; 12:03:07 ; 166,1 ; 2000,0 ; -10,0 ; 22,1 ; 22,1 ; 22,5 ; 22,0 ; 21,6 ; NOP
08/05/2020 ; 12:03:10 ; 168,0 ; 2000,0 ; -10,1 ; 22,1 ; 22,1 ; 22,5 ; 22,0 ; 21,6 ; NOP
08/05/2020 ; 12:03:13 ; 168,0 ; 2000,0 ; -10,1 ; 22,1 ; 22,1 ; 22,5 ; 22,0 ; 21,6 ; NOP
08/05/2020 ; 12:03:16 ; 168,0 ; 2000,0 ; -10,1 ; 22,1 ; 22,1 ; 22,5 ; 22,0 ; 21,6 ; NOP
08/05/2020 ; 12:03:19 ; 168,0 ; 2000,0 ; -10,1 ; 22,1 ; 22,1 ; 22,5 ; 22,0 ; 21,6 ; NOP
08/05/2020 ; 12:03:22 ; 169,6 ; 2000,0 ; -10,0 ; 22,1 ; 22,2 ; 22,5 ; 22,0 ; 21,6 ; NOP
08/05/2020 ; 12:03:25 ; 169,6 ; 2000,0 ; -10,0 ; 22,1 ; 22,2 ; 22,5 ; 22,0 ; 21,6 ; NOP
08/05/2020 ; 12:03:28 ; 169,6 ; 2000,0 ; -10,0 ; 22,1 ; 22,2 ; 22,5 ; 22,0 ; 21,6 ; NOP
08/05/2020 ; 12:03:31 ; 168,0 ; 2000,0 ; -10,1 ; 22,1 ; 22,2 ; 22,5 ; 22,0 ; 21,6 ; NOP
08/05/2020 ; 12:03:34 ; 168,0 ; 2000,0 ; -10,1 ; 22,1 ; 22,2 ; 22,5 ; 22,0 ; 21,6 ; NOP
08/05/2020 ; 12:03:37 ; 168,0 ; 2000,0 ; -10,1 ; 22,1 ; 22,2 ; 22,5 ; 22,0 ; 21,6 ; NOP
08/05/2020 ; 12:03:40 ; 169,6 ; 2000,0 ; -10,1 ; 22,1 ; 22,1 ; 22,5 ; 22,0 ; 21,6 ; NOP
08/05/2020 ; 12:03:43 ; 169,6 ; 2000,0 ; -10,1 ; 22,1 ; 22,1 ; 22,5 ; 22,0 ; 21,6 ; NOP
08/05/2020 ; 12:03:46 ; 169,6 ; 2000,0 ; -10,1 ; 22,1 ; 22,1 ; 22,5 ; 22,0 ; 21,6 ; NOP
08/05/2020 ; 12:03:49 ; 166,1 ; 2000,0 ; -10,1 ; 22,1 ; 22,2 ; 22,5 ; 22,0 ; 21,6 ; NOP
08/05/2020 ; 12:03:52 ; 166,1 ; 2000,0 ; -10,1 ; 22,1 ; 22,2 ; 22,5 ; 22,0 ; 21,6 ; NOP
08/05/2020 ; 12:03:55 ; 166,1 ; 2000,0 ; -10,1 ; 22,1 ; 22,2 ; 22,5 ; 22,0 ; 21,6 ; NOP
08/05/2020 ; 12:03:58 ; 166,1 ; 2000,0 ; -10,1 ; 22,1 ; 22,2 ; 22,5 ; 22,0 ; 21,6 ; NOP
08/05/2020 ; 12:04:01 ; 169,6 ; 2000,0 ; -10,2 ; 22,1 ; 22,1 ; 22,5 ; 22,0 ; 21,6 ; NOP
08/05/2020 ; 12:04:04 ; 169,6 ; 2000,0 ; -10,2 ; 22,1 ; 22,1 ; 22,5 ; 22,0 ; 21,6 ; NOP
08/05/2020 ; 12:04:07 ; 169,6 ; 2000,0 ; -10,2 ; 22,1 ; 22,1 ; 22,5 ; 22,0 ; 21,6 ; NOP
08/05/2020 ; 12:04:10 ; 166,1 ; 2000,0 ; -10,0 ; 22,1 ; 22,1 ; 22,5 ; 22,0 ; 21,6 ; NOP
08/05/2020 ; 12:04:13 ; 166,1 ; 2000,0 ; -10,0 ; 22,1 ; 22,1 ; 22,5 ; 22,0 ; 21,6 ; NOP
08/05/2020 ; 12:04:16 ; 166,1 ; 2000,0 ; -10,0 ; 22,1 ; 22,1 ; 22,5 ; 22,0 ; 21,6 ; NOP
08/05/2020 ; 12:04:19 ; 168,0 ; 2000,0 ; -10,2 ; 22,1 ; 22,2 ; 22,5 ; 22,0 ; 21,6 ; NOP
08/05/2020 ; 12:04:22 ; 168,0 ; 2000,0 ; -10,2 ; 22,1 ; 22,2 ; 22,5 ; 22,0 ; 21,6 ; NOP
08/05/2020 ; 12:04:25 ; 168,0 ; 2000,0 ; -10,2 ; 22,1 ; 22,2 ; 22,5 ; 22,0 ; 21,6 ; NOP
08/05/2020 ; 12:04:28 ; 168,0 ; 2000,0 ; -10,2 ; 22,1 ; 22,2 ; 22,5 ; 22,0 ; 21,6 ; NOP
08/05/2020 ; 12:04:31 ; 166,1 ; 2000,0 ; -10,1 ; 22,1 ; 22,1 ; 22,5 ; 22,0 ; 21,6 ; NOP
08/05/2020 ; 12:04:34 ; 166,1 ; 2000,0 ; -10,1 ; 22,1 ; 22,1 ; 22,5 ; 22,0 ; 21,6 ; NOP
08/05/2020 ; 12:04:37 ; 166,1 ; 2000,0 ; -10,1 ; 22,1 ; 22,1 ; 22,5 ; 22,0 ; 21,6 ; NOP
08/05/2020 ; 12:04:40 ; 168,3 ; 2000,0 ; -10,1 ; 22,1 ; 22,2 ; 22,5 ; 22,0 ; 21,6 ; NOP
08/05/2020 ; 12:04:43 ; 168,3 ; 2000,0 ; -10,1 ; 22,1 ; 22,2 ; 22,5 ; 22,0 ; 21,6 ; NOP
08/05/2020 ; 12:04:46 ; 168,3 ; 2000,0 ; -10,1 ; 22,1 ; 22,2 ; 22,5 ; 22,0 ; 21,6 ; NOP
08/05/2020 ; 12:04:49 ; 169,3 ; 2000,0 ; -10,1 ; 22,1 ; 22,2 ; 22,5 ; 22,0 ; 21,6 ; NOP
08/05/2020 ; 12:04:52 ; 169,3 ; 2000,0 ; -10,1 ; 22,1 ; 22,2 ; 22,5 ; 22,0 ; 21,6 ; NOP
08/05/2020 ; 12:04:55 ; 169,3 ; 2000,0 ; -10,1 ; 22,1 ; 22,2 ; 22,5 ; 22,0 ; 21,6 ; NOP
08/05/2020 ; 12:04:58 ; 169,3 ; 2000,0 ; -10,1 ; 22,1 ; 22,2 ; 22,5 ; 22,0 ; 21,6 ; NOP
08/05/2020 ; 12:05:01 ; 168,3 ; 2000,0 ; -10,2 ; 22,1 ; 22,2 ; 22,5 ; 22,0 ; 21,6 ; NOP
08/05/2020 ; 12:05:04 ; 168,3 ; 2000,0 ; -10,2 ; 22,1 ; 22,2 ; 22,5 ; 22,0 ; 21,6 ; NOP
08/05/2020 ; 12:05:07 ; 168,3 ; 2000,0 ; -10,2 ; 22,1 ; 22,2 ; 22,5 ; 22,0 ; 21,6 ; NOP
08/05/2020 ; 12:05:10 ; 166,1 ; 2000,0 ; -10,0 ; 22,1 ; 22,2 ; 22,5 ; 22,0 ; 21,6 ; NOP
08/05/2020 ; 12:05:13 ; 166,1 ; 2000,0 ; -10,0 ; 22,1 ; 22,2 ; 22,5 ; 22,0 ; 21,6 ; NOP
08/05/2020 ; 12:05:16 ; 166,1 ; 2000,0 ; -10,0 ; 22,1 ; 22,2 ; 22,5 ; 22,0 ; 21,6 ; NOP
08/05/2020 ; 12:05:19 ; 166,1 ; 2000,0 ; -10,2 ; 22,1 ; 22,2 ; 22,5 ; 22,0 ; 21,6 ; NOP
08/05/2020 ; 12:05:22 ; 166,1 ; 2000,0 ; -10,2 ; 22,1 ; 22,2 ; 22,5 ; 22,0 ; 21,6 ; NOP
08/05/2020 ; 12:05:25 ; 166,1 ; 2000,0 ; -10,2 ; 22,1 ; 22,2 ; 22,5 ; 22,0 ; 21,6 ; NOP
08/05/2020 ; 12:05:28 ; 166,1 ; 2000,0 ; -10,2 ; 22,1 ; 22,2 ; 22,5 ; 22,0 ; 21,6 ; NOP
08/05/2020 ; 12:05:31 ; 168,3 ; 2000,0 ; -10,1 ; 22,1 ; 22,2 ; 22,5 ; 22,0 ; 21,6 ; NOP
08/05/2020 ; 12:05:34 ; 168,3 ; 2000,0 ; -10,1 ; 22,1 ; 22,2 ; 22,5 ; 22,0 ; 21,6 ; NOP
08/05/2020 ; 12:05:37 ; 168,3 ; 2000,0 ; -10,1 ; 22,1 ; 22,2 ; 22,5 ; 22,0 ; 21,6 ; NOP
08/05/2020 ; 12:05:40 ; 165,8 ; 2000,0 ; -10,0 ; 22,1 ; 22,2 ; 22,5 ; 22,0 ; 21,6 ; NOP
08/05/2020 ; 12:05:43 ; 165,8 ; 2000,0 ; -10,0 ; 22,1 ; 22,2 ; 22,5 ; 22,0 ; 21,6 ; NOP
08/05/2020 ; 12:05:46 ; 165,8 ; 2000,0 ; -10,0 ; 22,1 ; 22,2 ; 22,5 ; 22,0 ; 21,6 ; NOP
08/05/2020 ; 12:05:49 ; 169,6 ; 2000,0 ; -10,0 ; 22,1 ; 22,2 ; 22,5 ; 22,0 ; 21,6 ; NOP
08/05/2020 ; 12:05:52 ; 169,6 ; 2000,0 ; -10,0 ; 22,1 ; 22,2 ; 22,5 ; 22,0 ; 21,6 ; NOP
08/05/2020 ; 12:05:55 ; 169,6 ; 2000,0 ; -10,0 ; 22,1 ; 22,2 ; 22,5 ; 22,0 ; 21,6 ; NOP
08/05/2020 ; 12:05:58 ; 169,6 ; 2000,0 ; -10,0 ; 22,1 ; 22,2 ; 22,5 ; 22,0 ; 21,6 ; NOP
08/05/2020 ; 12:06:01 ; 168,0 ; 2000,0 ; -10,1 ; 22,1 ; 22,2 ; 22,5 ; 22,0 ; 21,6 ; NOP
08/05/2020 ; 12:06:04 ; 168,0 ; 2000,0 ; -10,1 ; 22,1 ; 22,2 ; 22,5 ; 22,0 ; 21,6 ; NOP
08/05/2020 ; 12:06:07 ; 168,0 ; 2000,0 ; -10,1 ; 22,1 ; 22,2 ; 22,5 ; 22,0 ; 21,6 ; NOP
08/05/2020 ; 12:06:10 ; 166,1 ; 2000,0 ; -10,2 ; 22,1 ; 22,2 ; 22,5 ; 22,0 ; 21,6 ; NOP
08/05/2020 ; 12:06:13 ; 166,1 ; 2000,0 ; -10,2 ; 22,1 ; 22,2 ; 22,5 ; 22,0 ; 21,6 ; NOP
08/05/2020 ; 12:06:16 ; 166,1 ; 2000,0 ; -10,2 ; 22,1 ; 22,2 ; 22,5 ; 22,0 ; 21,6 ; NOP
08/05/2020 ; 12:06:19 ; 169,0 ; 2000,0 ; -10,0 ; 22,1 ; 22,2 ; 22,5 ; 22,0 ; 21,6 ; NOP
08/05/2020 ; 12:06:22 ; 169,0 ; 2000,0 ; -10,0 ; 22,1 ; 22,2 ; 22,5 ; 22,0 ; 21,6 ; NOP
08/05/2020 ; 12:06:25 ; 169,0 ; 2000,0 ; -10,0 ; 22,1 ; 22,2 ; 22,5 ; 22,0 ; 21,6 ; NOP
08/05/2020 ; 12:06:28 ; 169,6 ; 2000,0 ; -10,0 ; 22,1 ; 22,2 ; 22,5 ; 22,0 ; 21,6 ; NOP
08/05/2020 ; 12:06:31 ; 169,6 ; 2000,0 ; -10,0 ; 22,1 ; 22,2 ; 22,5 ; 22,0 ; 21,6 ; NOP
08/05/2020 ; 12:06:34 ; 169,6 ; 2000,0 ; -10,0 ; 22,1 ; 22,2 ; 22,5 ; 22,0 ; 21,6 ; NOP
08/05/2020 ; 12:06:37 ; 169,6 ; 2000,0 ; -10,0 ; 22,1 ; 22,2 ; 22,5 ; 22,0 ; 21,6 ; NOP
08/05/2020 ; 12:06:40 ; 166,1 ; 2000,0 ; -10,0 ; 22,1 ; 22,2 ; 22,5 ; 22,0 ; 21,6 ; NOP
08/05/2020 ; 12:06:43 ; 166,1 ; 2000,0 ; -10,0 ; 22,2 ; 22,2 ; 22,5 ; 22,0 ; 21,6 ; NOP
08/05/2020 ; 12:06:46 ; 166,1 ; 2000,0 ; -10,0 ; 22,2 ; 22,2 ; 22,5 ; 22,0 ; 21,6 ; NOP
08/05/2020 ; 12:06:49 ; 169,3 ; 2000,0 ; -10,0 ; 22,2 ; 22,2 ; 22,5 ; 22,0 ; 21,6 ; NOP
08/05/2020 ; 12:06:52 ; 169,3 ; 2000,0 ; -10,1 ; 22,2 ; 22,2 ; 22,5 ; 22,0 ; 21,6 ; NOP
08/05/2020 ; 12:06:55 ; 169,3 ; 2000,0 ; -10,1 ; 22,2 ; 22,2 ; 22,5 ; 22,0 ; 21,6 ; NOP
08/05/2020 ; 12:06:58 ; 166,1 ; 2000,0 ; -10,1 ; 22,2 ; 22,2 ; 22,5 ; 22,0 ; 21,6 ; NOP
08/05/2020 ; 12:07:01 ; 166,1 ; 2000,0 ; -10,1 ; 22,1 ; 22,2 ; 22,5 ; 22,0 ; 21,6 ; NOP
08/05/2020 ; 12:07:04 ; 166,1 ; 2000,0 ; -10,1 ; 22,1 ; 22,2 ; 22,5 ; 22,0 ; 21,6 ; NOP
08/05/2020 ; 12:07:07 ; 166,1 ; 2000,0 ; -10,1 ; 22,1 ; 22,2 ; 22,5 ; 22,0 ; 21,6 ; NOP
08/05/2020 ; 12:07:10 ; 169,3 ; 2000,0 ; -10,1 ; 22,1 ; 22,2 ; 22,5 ; 22,0 ; 21,6 ; NOP
08/05/2020 ; 12:07:13 ; 169,3 ; 2000,0 ; -10,1 ; 22,2 ; 22,2 ; 22,5 ; 22,0 ; 21,6 ; NOP
08/05/2020 ; 12:07:16 ; 169,3 ; 2000,0 ; -10,1 ; 22,2 ; 22,2 ; 22,5 ; 22,0 ; 21,6 ; NOP
08/05/2020 ; 12:07:19 ; 166,1 ; 2000,0 ; -10,1 ; 22,2 ; 22,2 ; 22,5 ; 22,0 ; 21,6 ; NOP
08/05/2020 ; 12:07:22 ; 166,1 ; 2000,0 ; -10,1 ; 22,1 ; 22,2 ; 22,5 ; 22,0 ; 21,6 ; NOP
08/05/2020 ; 12:07:25 ; 166,1 ; 2000,0 ; -10,1 ; 22,1 ; 22,2 ; 22,5 ; 22,0 ; 21,6 ; NOP
08/05/2020 ; 12:07:28 ; 166,1 ; 2000,0 ; -10,1 ; 22,1 ; 22,2 ; 22,5 ; 22,0 ; 21,6 ; NOP
08/05/2020 ; 12:07:31 ; 166,1 ; 2000,0 ; -10,2 ; 22,2 ; 22,2 ; 22,5 ; 22,0 ; 21,6 ; NOP
08/05/2020 ; 12:07:34 ; 166,1 ; 2000,0 ; -10,2 ; 22,2 ; 22,2 ; 22,5 ; 22,0 ; 21,6 ; NOP
08/05/2020 ; 12:07:37 ; 166,1 ; 2000,0 ; -10,2 ; 22,2 ; 22,2 ; 22,5 ; 22,0 ; 21,6 ; NOP
08/05/2020 ; 12:07:40 ; 169,6 ; 2000,0 ; -10,2 ; 22,2 ; 22,2 ; 22,5 ; 22,0 ; 21,6 ; NOP
08/05/2020 ; 12:07:43 ; 169,6 ; 2000,0 ; -10,1 ; 22,2 ; 22,2 ; 22,5 ; 22,0 ; 21,6 ; NOP
08/05/2020 ; 12:07:46 ; 169,6 ; 2000,0 ; -10,1 ; 22,2 ; 22,2 ; 22,5 ; 22,0 ; 21,6 ; NOP
08/05/2020 ; 12:07:49 ; 169,6 ; 2000,0 ; -10,1 ; 22,2 ; 22,2 ; 22,5 ; 22,0 ; 21,6 ; NOP
08/05/2020 ; 12:07:52 ; 169,6 ; 2000,0 ; -10,1 ; 22,2 ; 22,2 ; 22,5 ; 22,0 ; 21,6 ; NOP
08/05/2020 ; 12:07:55 ; 169,6 ; 2000,0 ; -10,1 ; 22,2 ; 22,2 ; 22,5 ; 22,0 ; 21,6 ; NOP
08/05/2020 ; 12:07:58 ; 169,6 ; 2000,0 ; -10,1 ; 22,2 ; 22,2 ; 22,5 ; 22,0 ; 21,6 ; NOP
08/05/2020 ; 12:08:01 ; 166,1 ; 2000,0 ; -10,0 ; 22,2 ; 22,2 ; 22,5 ; 22,0 ; 21,6 ; NOP
08/05/2020 ; 12:08:04 ; 166,1 ; 2000,0 ; -10,0 ; 22,2 ; 22,2 ; 22,5 ; 22,0 ; 21,6 ; NOP
08/05/2020 ; 12:08:07 ; 166,1 ; 2000,0 ; -10,0 ; 22,2 ; 22,2 ; 22,5 ; 22,0 ; 21,6 ; NOP
08/05/2020 ; 12:08:10 ; 166,1 ; 2000,0 ; -10,0 ; 22,2 ; 22,2 ; 22,5 ; 22,0 ; 21,6 ; NOP
08/05/2020 ; 12:08:13 ; 166,1 ; 2000,0 ; -10,1 ; 22,2 ; 22,2 ; 22,5 ; 22,0 ; 21,6 ; NOP
08/05/2020 ; 12:08:16 ; 166,1 ; 2000,0 ; -10,1 ; 22,2 ; 22,2 ; 22,5 ; 22,0 ; 21,6 ; NOP
08/05/2020 ; 12:08:19 ; 169,3 ; 2000,0 ; -10,1 ; 22,2 ; 22,2 ; 22,5 ; 22,0 ; 21,6 ; NOP
08/05/2020 ; 12:08:22 ; 169,3 ; 2000,0 ; -10,0 ; 22,2 ; 22,2 ; 22,5 ; 22,0 ; 21,6 ; NOP
08/05/2020 ; 12:08:25 ; 169,3 ; 2000,0 ; -10,0 ; 22,2 ; 22,2 ; 22,5 ; 22,0 ; 21,6 ; NOP
08/05/2020 ; 12:08:28 ; 169,3 ; 2000,0 ; -10,0 ; 22,2 ; 22,2 ; 22,5 ; 22,0 ; 21,6 ; NOP
08/05/2020 ; 12:08:31 ; 169,0 ; 2000,0 ; -10,1 ; 22,2 ; 22,2 ; 22,5 ; 22,0 ; 21,6 ; NOP
08/05/2020 ; 12:08:34 ; 169,0 ; 2000,0 ; -10,1 ; 22,2 ; 22,2 ; 22,5 ; 22,0 ; 21,6 ; NOP
08/05/2020 ; 12:08:37 ; 169,0 ; 2000,0 ; -10,1 ; 22,2 ; 22,2 ; 22,5 ; 22,0 ; 21,6 ; NOP
08/05/2020 ; 12:08:40 ; 169,0 ; 2000,0 ; -10,1 ; 22,2 ; 22,2 ; 22,5 ; 22,0 ; 21,6 ; NOP
08/05/2020 ; 12:08:43 ; 169,0 ; 2000,0 ; -10,0 ; 22,2 ; 22,2 ; 22,5 ; 22,0 ; 21,6 ; NOP
08/05/2020 ; 12:08:46 ; 169,0 ; 2000,0 ; -10,0 ; 22,2 ; 22,2 ; 22,5 ; 22,0 ; 21,6 ; NOP
08/05/2020 ; 12:08:49 ; 169,0 ; 2000,0 ; -10,0 ; 22,2 ; 22,2 ; 22,5 ; 22,0 ; 21,6 ; NOP
08/05/2020 ; 12:08:52 ; 169,3 ; 2000,0 ; -10,1 ; 22,2 ; 22,2 ; 22,5 ; 22,0 ; 21,6 ; NOP
08/05/2020 ; 12:08:55 ; 169,3 ; 2000,0 ; -10,1 ; 22,2 ; 22,2 ; 22,5 ; 22,0 ; 21,6 ; NOP
08/05/2020 ; 12:08:58 ; 169,3 ; 2000,0 ; -10,1 ; 22,2 ; 22,2 ; 22,5 ; 22,0 ; 21,6 ; NOP
08/05/2020 ; 12:09:01 ; 168,0 ; 2000,0 ; -10,2 ; 22,2 ; 22,2 ; 22,5 ; 22,0 ; 21,6 ; NOP
08/05/2020 ; 12:09:04 ; 168,0 ; 2000,0 ; -10,2 ; 22,2 ; 22,2 ; 22,5 ; 22,0 ; 21,6 ; NOP
08/05/2020 ; 12:09:07 ; 168,0 ; 2000,0 ; -10,2 ; 22,2 ; 22,2 ; 22,5 ; 22,0 ; 21,6 ; NOP
08/05/2020 ; 12:09:10 ; 168,6 ; 2000,0 ; -10,2 ; 22,2 ; 22,2 ; 22,5 ; 22,0 ; 21,6 ; NOP
08/05/2020 ; 12:09:13 ; 168,6 ; 2000,0 ; -10,0 ; 22,2 ; 22,2 ; 22,5 ; 22,0 ; 21,6 ; NOP
08/05/2020 ; 12:09:16 ; 168,6 ; 2000,0 ; -10,0 ; 22,2 ; 22,2 ; 22,5 ; 22,0 ; 21,6 ; NOP
08/05/2020 ; 12:09:19 ; 168,6 ; 2000,0 ; -10,0 ; 22,2 ; 22,2 ; 22,5 ; 22,0 ; 21,6 ; NOP
08/05/2020 ; 12:09:22 ; 169,0 ; 2000,0 ; -10,1 ; 22,2 ; 22,2 ; 22,5 ; 22,0 ; 21,6 ; NOP
08/05/2020 ; 12:09:25 ; 169,0 ; 2000,0 ; -10,1 ; 22,2 ; 22,2 ; 22,5 ; 22,0 ; 21,6 ; NOP
08/05/2020 ; 12:09:28 ; 169,0 ; 2000,0 ; -10,1 ; 22,2 ; 22,2 ; 22,5 ; 22,0 ; 21,6 ; NOP
08/05/2020 ; 12:09:31 ; 166,1 ; 2000,0 ; -10,1 ; 22,2 ; 22,2 ; 22,5 ; 22,0 ; 21,6 ; NOP
08/05/2020 ; 12:09:34 ; 166,1 ; 2000,0 ; -10,1 ; 22,2 ; 22,2 ; 22,5 ; 22,0 ; 21,6 ; NOP
08/05/2020 ; 12:09:37 ; 166,1 ; 2000,0 ; -10,1 ; 22,2 ; 22,2 ; 22,5 ; 22,0 ; 21,6 ; NOP
08/05/2020 ; 12:09:40 ; 169,0 ; 2000,0 ; -10,3 ; 22,2 ; 22,2 ; 22,5 ; 22,0 ; 21,6 ; NOP
08/05/2020 ; 12:09:43 ; 169,0 ; 2000,0 ; -10,3 ; 22,2 ; 22,2 ; 22,5 ; 22,0 ; 21,6 ; NOP
08/05/2020 ; 12:09:46 ; 169,0 ; 2000,0 ; -10,3 ; 22,2 ; 22,2 ; 22,5 ; 22,0 ; 21,6 ; NOP
08/05/2020 ; 12:09:49 ; 169,0 ; 2000,0 ; -10,3 ; 22,2 ; 22,2 ; 22,5 ; 22,0 ; 21,6 ; NOP
08/05/2020 ; 12:09:52 ; 166,1 ; 2000,0 ; -10,2 ; 22,2 ; 22,2 ; 22,5 ; 22,0 ; 21,6 ; NOP
08/05/2020 ; 12:09:55 ; 166,1 ; 2000,0 ; -10,2 ; 22,2 ; 22,2 ; 22,5 ; 22,0 ; 21,6 ; NOP
08/05/2020 ; 12:09:58 ; 166,1 ; 2000,0 ; -10,2 ; 22,2 ; 22,2 ; 22,5 ; 22,0 ; 21,6 ; NOP
08/05/2020 ; 12:10:01 ; 168,6 ; 2000,0 ; -10,1 ; 22,2 ; 22,2 ; 22,5 ; 22,0 ; 21,6 ; NOP
08/05/2020 ; 12:10:04 ; 168,6 ; 2000,0 ; -10,1 ; 22,2 ; 22,2 ; 22,5 ; 22,0 ; 21,6 ; NOP
08/05/2020 ; 12:10:07 ; 168,6 ; 2000,0 ; -10,1 ; 22,2 ; 22,2 ; 22,5 ; 22,0 ; 21,6 ; NOP
08/05/2020 ; 12:10:10 ; 169,3 ; 2000,0 ; -10,2 ; 22,2 ; 22,2 ; 22,5 ; 22,0 ; 21,6 ; NOP
08/05/2020 ; 12:10:13 ; 169,3 ; 2000,0 ; -10,2 ; 22,2 ; 22,2 ; 22,5 ; 22,0 ; 21,6 ; NOP
08/05/2020 ; 12:10:16 ; 169,3 ; 2000,0 ; -10,2 ; 22,2 ; 22,2 ; 22,5 ; 22,0 ; 21,6 ; NOP
08/05/2020 ; 12:10:19 ; 169,3 ; 2000,0 ; -10,2 ; 22,2 ; 22,2 ; 22,5 ; 22,0 ; 21,6 ; NOP
08/05/2020 ; 12:10:22 ; 168,3 ; 2000,0 ; -10,1 ; 22,2 ; 22,2 ; 22,5 ; 22,0 ; 21,6 ; NOP
08/05/2020 ; 12:10:25 ; 168,3 ; 2000,0 ; -10,1 ; 22,2 ; 22,2 ; 22,5 ; 22,0 ; 21,6 ; NOP
08/05/2020 ; 12:10:28 ; 168,3 ; 2000,0 ; -10,1 ; 22,2 ; 22,2 ; 22,5 ; 22,0 ; 21,6 ; NOP
08/05/2020 ; 12:10:31 ; 166,1 ; 2000,0 ; -10,1 ; 22,2 ; 22,2 ; 22,5 ; 22,0 ; 21,6 ; NOP
08/05/2020 ; 12:10:34 ; 166,1 ; 2000,0 ; -10,1 ; 22,2 ; 22,2 ; 22,5 ; 22,0 ; 21,6 ; NOP
08/05/2020 ; 12:10:37 ; 166,1 ; 2000,0 ; -10,1 ; 22,2 ; 22,2 ; 22,5 ; 22,0 ; 21,6 ; NOP
08/05/2020 ; 12:10:40 ; 169,0 ; 2000,0 ; -10,1 ; 22,2 ; 22,2 ; 22,5 ; 22,0 ; 21,6 ; NOP
08/05/2020 ; 12:10:43 ; 169,0 ; 2000,0 ; -10,1 ; 22,2 ; 22,2 ; 22,5 ; 22,0 ; 21,6 ; NOP
08/05/2020 ; 12:10:46 ; 169,0 ; 2000,0 ; -10,1 ; 22,2 ; 22,2 ; 22,5 ; 22,0 ; 21,6 ; NOP
08/05/2020 ; 12:10:49 ; 169,0 ; 2000,0 ; -10,1 ; 22,2 ; 22,2 ; 22,5 ; 22,0 ; 21,6 ; NOP
08/05/2020 ; 12:10:52 ; 169,3 ; 2000,0 ; -10,1 ; 22,2 ; 22,2 ; 22,5 ; 22,0 ; 21,6 ; NOP
08/05/2020 ; 12:10:55 ; 169,3 ; 2000,0 ; -10,1 ; 22,2 ; 22,2 ; 22,5 ; 22,0 ; 21,6 ; NOP
08/05/2020 ; 12:10:59 ; 169,3 ; 2000,0 ; -10,1 ; 22,2 ; 22,2 ; 22,5 ; 22,0 ; 21,6 ; NOP
08/05/2020 ; 12:11:01 ; 169,3 ; 2000,0 ; -10,1 ; 22,2 ; 22,2 ; 22,5 ; 22,0 ; 21,6 ; NOP
08/05/2020 ; 12:11:04 ; 169,3 ; 2000,0 ; -10,1 ; 22,2 ; 22,2 ; 22,5 ; 22,0 ; 21,6 ; NOP
08/05/2020 ; 12:11:07 ; 169,3 ; 2000,0 ; -10,1 ; 22,2 ; 22,2 ; 22,5 ; 22,0 ; 21,6 ; NOP
08/05/2020 ; 12:11:10 ; 166,1 ; 2000,0 ; -10,0 ; 22,2 ; 22,2 ; 22,5 ; 22,0 ; 21,6 ; NOP
08/05/2020 ; 12:11:13 ; 166,1 ; 2000,0 ; -10,0 ; 22,2 ; 22,2 ; 22,5 ; 22,0 ; 21,6 ; NOP
08/05/2020 ; 12:11:16 ; 166,1 ; 2000,0 ; -10,0 ; 22,2 ; 22,2 ; 22,5 ; 22,0 ; 21,6 ; NOP
08/05/2020 ; 12:11:19 ; 168,6 ; 2000,0 ; -10,1 ; 22,2 ; 22,2 ; 22,5 ; 22,0 ; 21,6 ; NOP
08/05/2020 ; 12:11:22 ; 168,6 ; 2000,0 ; -10,1 ; 22,2 ; 22,2 ; 22,5 ; 22,0 ; 21,6 ; NOP
