3000
08/07/2020 ; 13:59:57 ; 112,3 ; 2000,0 ; 27,6 ; 30,1 ; 30,6 ; 30,6 ; 30,7 ; 26,6 ; NOP
08/07/2020 ; 14:00:00 ; 112,3 ; 2000,0 ; 27,6 ; 30,1 ; 30,6 ; 30,6 ; 30,7 ; 26,6 ; NOP
08/07/2020 ; 14:00:03 ; 112,3 ; 2000,0 ; 27,6 ; 30,1 ; 30,6 ; 30,6 ; 30,7 ; 26,6 ; NOP
08/07/2020 ; 14:00:06 ; 112,3 ; 2000,0 ; 27,6 ; 30,1 ; 30,6 ; 30,6 ; 30,7 ; 26,6 ; NOP
08/07/2020 ; 14:00:09 ; 112,3 ; 2000,0 ; 28,9 ; 30,1 ; 30,6 ; 30,6 ; 30,7 ; 26,6 ; NOP
08/07/2020 ; 14:00:12 ; 112,3 ; 2000,0 ; 28,9 ; 31,3 ; 31,6 ; 31,4 ; 31,6 ; 28,5 ; NOP
08/07/2020 ; 14:00:15 ; 111,7 ; 2000,0 ; 29,5 ; 31,5 ; 31,6 ; 31,4 ; 31,6 ; 28,5 ; NOP
08/07/2020 ; 14:00:18 ; 111,7 ; 2000,0 ; 29,5 ; 31,5 ; 31,8 ; 31,5 ; 31,6 ; 28,9 ; NOP
08/07/2020 ; 14:00:21 ; 117,1 ; 2000,0 ; 26,4 ; 30,1 ; 30,3 ; 31,5 ; 31,6 ; 28,9 ; NOP
08/07/2020 ; 14:00:24 ; 117,1 ; 2000,0 ; 26,4 ; 30,1 ; 30,3 ; 30,6 ; 29,3 ; 28,6 ; NOP
08/07/2020 ; 14:00:27 ; 117,1 ; 2000,0 ; 26,4 ; 30,1 ; 30,3 ; 30,6 ; 29,3 ; 28,6 ; NOP
08/07/2020 ; 14:00:30 ; 117,1 ; 2000,0 ; 26,4 ; 30,1 ; 30,3 ; 30,6 ; 29,3 ; 28,6 ; NOP
08/07/2020 ; 14:00:33 ; 112,0 ; 2000,0 ; 7,6 ; 15,0 ; 16,0 ; 17,6 ; 14,3 ; 20,5 ; NOP
08/07/2020 ; 14:00:36 ; 112,0 ; 2000,0 ; 7,6 ; 15,0 ; 16,0 ; 17,6 ; 14,3 ; 20,5 ; NOP
08/07/2020 ; 14:00:39 ; 112,0 ; 2000,0 ; 7,6 ; 15,0 ; 16,0 ; 17,6 ; 14,3 ; 20,5 ; NOP
08/07/2020 ; 14:00:42 ; 112,3 ; 2000,0 ; 5,9 ; 10,5 ; 16,0 ; 17,6 ; 14,3 ; 20,5 ; NOP
08/07/2020 ; 14:00:45 ; 112,3 ; 2000,0 ; 5,9 ; 10,5 ; 11,4 ; 12,4 ; 9,9 ; 15,5 ; NOP
08/07/2020 ; 14:00:48 ; 112,3 ; 2000,0 ; 5,9 ; 10,5 ; 11,4 ; 12,4 ; 9,9 ; 15,5 ; NOP
08/07/2020 ; 14:00:51 ; 112,3 ; 2000,0 ; 5,9 ; 10,5 ; 11,4 ; 12,4 ; 9,9 ; 15,5 ; NOP
08/07/2020 ; 14:00:54 ; 112,0 ; 2000,0 ; 5,3 ; 8,7 ; 9,6 ; 10,4 ; 8,4 ; 12,7 ; NOP
08/07/2020 ; 14:00:57 ; 112,0 ; 2000,0 ; 5,3 ; 8,7 ; 9,6 ; 10,4 ; 8,4 ; 12,7 ; NOP
08/07/2020 ; 14:01:00 ; 112,0 ; 2000,0 ; 5,2 ; 8,2 ; 9,0 ; 9,8 ; 7,8 ; 12,7 ; NOP
08/07/2020 ; 14:01:03 ; 112,0 ; 2000,0 ; 5,2 ; 8,2 ; 9,0 ; 9,8 ; 7,8 ; 11,4 ; NOP
08/07/2020 ; 14:01:06 ; 112,0 ; 2000,0 ; 5,2 ; 8,2 ; 9,0 ; 9,8 ; 7,8 ; 11,4 ; NOP
08/07/2020 ; 14:01:09 ; 112,0 ; 2000,0 ; 5,2 ; 8,2 ; 9,0 ; 9,8 ; 7,8 ; 11,4 ; NOP
08/07/2020 ; 14:01:12 ; 111,7 ; 2000,0 ; 5,0 ; 7,3 ; 9,0 ; 9,8 ; 7,8 ; 11,4 ; NOP
08/07/2020 ; 14:01:15 ; 111,7 ; 2000,0 ; 5,0 ; 7,3 ; 8,1 ; 9,1 ; 7,2 ; 9,9 ; NOP
08/07/2020 ; 14:01:18 ; 111,7 ; 2000,0 ; 5,0 ; 7,3 ; 8,1 ; 9,1 ; 7,2 ; 9,9 ; NOP
08/07/2020 ; 14:01:21 ; 111,7 ; 2000,0 ; 5,0 ; 7,3 ; 8,1 ; 9,1 ; 7,2 ; 9,9 ; NOP
08/07/2020 ; 14:01:24 ; 112,3 ; 2000,0 ; 4,9 ; 7,0 ; 7,7 ; 8,8 ; 6,8 ; 9,1 ; NOP
08/07/2020 ; 14:01:27 ; 112,3 ; 2000,0 ; 4,9 ; 7,0 ; 7,7 ; 8,8 ; 6,8 ; 9,1 ; NOP
08/07/2020 ; 14:01:30 ; 111,7 ; 2000,0 ; 4,9 ; 6,8 ; 7,6 ; 8,7 ; 6,7 ; 8,8 ; NOP
08/07/2020 ; 14:01:33 ; 111,7 ; 2000,0 ; 4,9 ; 6,8 ; 7,6 ; 8,7 ; 6,7 ; 8,8 ; NOP
08/07/2020 ; 14:01:36 ; 111,7 ; 2000,0 ; 4,9 ; 6,8 ; 7,6 ; 8,7 ; 6,7 ; 8,8 ; NOP
08/07/2020 ; 14:01:39 ; 111,7 ; 2000,0 ; 4,7 ; 6,7 ; 7,6 ; 8,7 ; 6,7 ; 8,8 ; NOP
08/07/2020 ; 14:01:42 ; 111,7 ; 2000,0 ; 4,7 ; 6,7 ; 7,4 ; 8,6 ; 6,5 ; 8,3 ; NOP
08/07/2020 ; 14:01:45 ; 111,7 ; 2000,0 ; 4,7 ; 6,7 ; 7,4 ; 8,6 ; 6,5 ; 8,3 ; NOP
08/07/2020 ; 14:01:48 ; 111,7 ; 2000,0 ; 4,7 ; 6,7 ; 7,4 ; 8,6 ; 6,5 ; 8,3 ; NOP
08/07/2020 ; 14:01:51 ; 111,4 ; 2000,0 ; 4,7 ; 6,5 ; 7,4 ; 8,6 ; 6,5 ; 8,3 ; NOP
08/07/2020 ; 14:01:54 ; 111,4 ; 2000,0 ; 4,7 ; 6,5 ; 7,2 ; 8,5 ; 6,3 ; 7,8 ; NOP
08/07/2020 ; 14:01:57 ; 111,4 ; 2000,0 ; 4,7 ; 6,5 ; 7,2 ; 8,5 ; 6,3 ; 7,8 ; NOP
08/07/2020 ; 14:02:00 ; 111,7 ; 2000,0 ; 4,7 ; 6,4 ; 7,2 ; 8,5 ; 6,3 ; 7,7 ; NOP
08/07/2020 ; 14:02:03 ; 111,7 ; 2000,0 ; 4,7 ; 6,4 ; 7,2 ; 8,5 ; 6,3 ; 7,7 ; NOP
08/07/2020 ; 14:02:06 ; 111,7 ; 2000,0 ; 4,7 ; 6,4 ; 7,2 ; 8,5 ; 6,3 ; 7,7 ; NOP
08/07/2020 ; 14:02:09 ; 111,7 ; 2000,0 ; 4,7 ; 6,3 ; 7,2 ; 8,5 ; 6,3 ; 7,7 ; NOP
08/07/2020 ; 14:02:12 ; 111,7 ; 2000,0 ; 4,7 ; 6,3 ; 7,1 ; 8,5 ; 6,2 ; 7,5 ; NOP
08/07/2020 ; 14:02:15 ; 111,7 ; 2000,0 ; 4,7 ; 6,3 ; 7,1 ; 8,5 ; 6,2 ; 7,5 ; NOP
08/07/2020 ; 14:02:18 ; 111,7 ; 2000,0 ; 4,7 ; 6,3 ; 7,1 ; 8,5 ; 6,2 ; 7,5 ; NOP
08/07/2020 ; 14:02:21 ; 112,0 ; 2000,0 ; 4,7 ; 6,3 ; 7,1 ; 8,4 ; 6,1 ; 7,3 ; NOP
08/07/2020 ; 14:02:24 ; 112,0 ; 2000,0 ; 4,7 ; 6,3 ; 7,1 ; 8,4 ; 6,1 ; 7,3 ; NOP
08/07/2020 ; 14:02:27 ; 112,0 ; 2000,0 ; 4,7 ; 6,3 ; 7,1 ; 8,4 ; 6,1 ; 7,3 ; NOP
08/07/2020 ; 14:02:30 ; 111,7 ; 2000,0 ; 4,8 ; 6,2 ; 7,1 ; 8,4 ; 6,1 ; 7,3 ; NOP
08/07/2020 ; 14:02:33 ; 111,7 ; 2000,0 ; 4,8 ; 6,2 ; 7,0 ; 8,4 ; 6,1 ; 7,2 ; NOP
08/07/2020 ; 14:02:36 ; 111,7 ; 2000,0 ; 4,8 ; 6,2 ; 7,0 ; 8,4 ; 6,1 ; 7,2 ; NOP
08/07/2020 ; 14:02:39 ; 111,7 ; 2000,0 ; 4,8 ; 6,2 ; 7,0 ; 8,4 ; 6,1 ; 7,2 ; NOP
08/07/2020 ; 14:02:42 ; 112,3 ; 2000,0 ; 4,9 ; 6,2 ; 7,0 ; 8,4 ; 6,1 ; 7,1 ; NOP
08/07/2020 ; 14:02:45 ; 112,3 ; 2000,0 ; 4,9 ; 6,2 ; 7,0 ; 8,4 ; 6,1 ; 7,1 ; NOP
08/07/2020 ; 14:02:48 ; 112,3 ; 2000,0 ; 4,9 ; 6,2 ; 7,0 ; 8,4 ; 6,1 ; 7,1 ; NOP
08/07/2020 ; 14:02:51 ; 112,0 ; 2000,0 ; 4,8 ; 6,2 ; 7,0 ; 8,4 ; 6,1 ; 7,1 ; NOP
08/07/2020 ; 14:02:54 ; 112,0 ; 2000,0 ; 4,8 ; 6,2 ; 7,0 ; 8,4 ; 6,1 ; 7,0 ; NOP
08/07/2020 ; 14:02:57 ; 112,0 ; 2000,0 ; 4,8 ; 6,2 ; 7,0 ; 8,4 ; 6,1 ; 7,0 ; NOP
08/07/2020 ; 14:03:00 ; 112,0 ; 2000,0 ; 4,8 ; 6,2 ; 7,0 ; 8,4 ; 6,1 ; 7,0 ; NOP
08/07/2020 ; 14:03:03 ; 111,7 ; 2000,0 ; 4,9 ; 6,2 ; 7,0 ; 8,4 ; 6,1 ; 6,9 ; NOP
08/07/2020 ; 14:03:06 ; 111,7 ; 2000,0 ; 4,9 ; 6,2 ; 7,0 ; 8,4 ; 6,1 ; 6,9 ; NOP
08/07/2020 ; 14:03:09 ; 111,7 ; 2000,0 ; 4,9 ; 6,2 ; 7,0 ; 8,4 ; 6,1 ; 6,9 ; NOP
08/07/2020 ; 14:03:12 ; 111,7 ; 2000,0 ; 4,8 ; 6,2 ; 7,0 ; 8,4 ; 6,1 ; 6,9 ; NOP
08/07/2020 ; 14:03:15 ; 111,7 ; 2000,0 ; 4,8 ; 6,2 ; 7,0 ; 8,4 ; 6,1 ; 6,9 ; NOP
08/07/2020 ; 14:03:18 ; 111,7 ; 2000,0 ; 4,8 ; 6,2 ; 7,0 ; 8,4 ; 6,1 ; 6,9 ; NOP
08/07/2020 ; 14:03:21 ; 111,7 ; 2000,0 ; 4,8 ; 6,2 ; 7,0 ; 8,4 ; 6,1 ; 6,9 ; NOP
08/07/2020 ; 14:03:24 ; 112,3 ; 2000,0 ; 4,9 ; 6,2 ; 7,0 ; 8,4 ; 6,1 ; 6,9 ; NOP
08/07/2020 ; 14:03:27 ; 112,3 ; 2000,0 ; 4,9 ; 6,2 ; 7,0 ; 8,4 ; 6,1 ; 6,8 ; NOP
08/07/2020 ; 14:03:30 ; 112,9 ; 2000,0 ; 4,9 ; 6,2 ; 7,0 ; 8,4 ; 6,1 ; 6,8 ; NOP
08/07/2020 ; 14:03:33 ; 112,9 ; 2000,0 ; 4,9 ; 6,2 ; 7,0 ; 8,4 ; 6,1 ; 6,8 ; NOP
08/07/2020 ; 14:03:36 ; 112,9 ; 2000,0 ; 4,9 ; 6,2 ; 7,0 ; 8,4 ; 6,1 ; 6,8 ; NOP
08/07/2020 ; 14:03:39 ; 112,3 ; 2000,0 ; 4,9 ; 6,2 ; 7,0 ; 8,4 ; 6,1 ; 6,8 ; NOP
08/07/2020 ; 14:03:42 ; 112,3 ; 2000,0 ; 4,9 ; 6,2 ; 7,0 ; 8,4 ; 6,1 ; 6,7 ; NOP
08/07/2020 ; 14:03:45 ; 112,3 ; 2000,0 ; 4,9 ; 6,2 ; 7,0 ; 8,4 ; 6,1 ; 6,7 ; NOP
08/07/2020 ; 14:03:48 ; 112,3 ; 2000,0 ; 4,9 ; 6,2 ; 7,0 ; 8,4 ; 6,1 ; 6,7 ; NOP
08/07/2020 ; 14:03:51 ; 112,9 ; 2000,0 ; 4,9 ; 6,2 ; 7,0 ; 8,4 ; 6,1 ; 6,7 ; NOP
08/07/2020 ; 14:03:54 ; 112,9 ; 2000,0 ; 4,9 ; 6,2 ; 7,0 ; 8,4 ; 6,1 ; 6,7 ; NOP
08/07/2020 ; 14:03:57 ; 112,9 ; 2000,0 ; 4,9 ; 6,2 ; 7,0 ; 8,4 ; 6,1 ; 6,7 ; NOP
08/07/2020 ; 14:04:00 ; 112,3 ; 2000,0 ; 4,9 ; 6,2 ; 7,0 ; 8,4 ; 6,1 ; 6,7 ; NOP
08/07/2020 ; 14:04:03 ; 112,3 ; 2000,0 ; 4,9 ; 6,2 ; 7,0 ; 8,4 ; 6,1 ; 6,7 ; NOP
08/07/2020 ; 14:04:06 ; 112,3 ; 2000,0 ; 4,9 ; 6,2 ; 7,0 ; 8,4 ; 6,1 ; 6,7 ; NOP
08/07/2020 ; 14:04:09 ; 112,3 ; 2000,0 ; 4,9 ; 6,2 ; 7,0 ; 8,4 ; 6,1 ; 6,7 ; NOP
08/07/2020 ; 14:04:12 ; 112,0 ; 2000,0 ; 4,9 ; 6,2 ; 7,0 ; 8,4 ; 6,1 ; 6,7 ; NOP
08/07/2020 ; 14:04:15 ; 112,0 ; 2000,0 ; 4,9 ; 6,2 ; 7,0 ; 8,4 ; 6,1 ; 6,7 ; NOP
08/07/2020 ; 14:04:18 ; 112,0 ; 2000,0 ; 4,9 ; 6,2 ; 7,0 ; 8,4 ; 6,1 ; 6,7 ; NOP
08/07/2020 ; 14:04:21 ; 112,3 ; 2000,0 ; 4,9 ; 6,2 ; 7,0 ; 8,4 ; 6,1 ; 6,7 ; NOP
08/07/2020 ; 14:04:24 ; 112,3 ; 2000,0 ; 4,9 ; 6,2 ; 7,0 ; 8,4 ; 6,1 ; 6,7 ; NOP
08/07/2020 ; 14:04:27 ; 112,3 ; 2000,0 ; 4,9 ; 6,2 ; 7,0 ; 8,4 ; 6,1 ; 6,7 ; NOP
08/07/2020 ; 14:04:30 ; 112,3 ; 2000,0 ; 4,9 ; 6,2 ; 7,0 ; 8,4 ; 6,1 ; 6,7 ; NOP
08/07/2020 ; 14:04:33 ; 111,7 ; 2000,0 ; 4,9 ; 6,2 ; 7,0 ; 8,4 ; 6,1 ; 6,7 ; NOP
08/07/2020 ; 14:04:36 ; 111,7 ; 2000,0 ; 4,9 ; 6,2 ; 7,0 ; 8,4 ; 6,1 ; 6,6 ; NOP
08/07/2020 ; 14:04:39 ; 111,7 ; 2000,0 ; 4,9 ; 6,2 ; 7,0 ; 8,4 ; 6,1 ; 6,6 ; NOP
08/07/2020 ; 14:04:42 ; 111,7 ; 2000,0 ; 4,9 ; 6,2 ; 7,0 ; 8,4 ; 6,1 ; 6,6 ; NOP
08/07/2020 ; 14:04:45 ; 111,7 ; 2000,0 ; 4,9 ; 6,2 ; 7,0 ; 8,5 ; 6,1 ; 6,6 ; NOP
08/07/2020 ; 14:04:48 ; 109,8 ; 2000,0 ; 4,9 ; 6,2 ; 7,0 ; 8,5 ; 6,1 ; 6,6 ; NOP
08/07/2020 ; 14:04:51 ; 109,8 ; 2000,0 ; 4,9 ; 6,2 ; 7,0 ; 8,5 ; 6,1 ; 6,6 ; NOP
08/07/2020 ; 14:04:54 ; 109,8 ; 2000,0 ; 4,9 ; 6,2 ; 7,0 ; 8,5 ; 6,1 ; 6,6 ; NOP
08/07/2020 ; 14:04:57 ; 109,8 ; 2000,0 ; 4,9 ; 6,2 ; 7,0 ; 8,5 ; 6,1 ; 6,6 ; NOP
08/07/2020 ; 14:05:00 ; 109,8 ; 2000,0 ; 4,9 ; 6,2 ; 7,0 ; 8,5 ; 6,1 ; 6,6 ; NOP
08/07/2020 ; 14:05:03 ; 109,8 ; 2000,0 ; 4,9 ; 6,2 ; 7,0 ; 8,5 ; 6,1 ; 6,6 ; NOP
08/07/2020 ; 14:05:06 ; 109,8 ; 2000,0 ; 4,9 ; 6,2 ; 7,0 ; 8,5 ; 6,1 ; 6,6 ; NOP
08/07/2020 ; 14:05:09 ; 109,4 ; 2000,0 ; 4,9 ; 6,2 ; 7,0 ; 8,5 ; 6,1 ; 6,6 ; NOP
08/07/2020 ; 14:05:12 ; 109,4 ; 2000,0 ; 4,9 ; 6,2 ; 7,0 ; 8,5 ; 6,1 ; 6,6 ; NOP
08/07/2020 ; 14:05:15 ; 109,4 ; 2000,0 ; 4,9 ; 6,2 ; 7,0 ; 8,5 ; 6,1 ; 6,6 ; NOP
08/07/2020 ; 14:05:18 ; 109,4 ; 2000,0 ; 4,9 ; 6,2 ; 7,0 ; 8,5 ; 6,1 ; 6,6 ; NOP
08/07/2020 ; 14:05:21 ; 110,1 ; 2000,0 ; 4,9 ; 6,2 ; 7,0 ; 8,5 ; 6,1 ; 6,6 ; NOP
08/07/2020 ; 14:05:24 ; 110,1 ; 2000,0 ; 4,9 ; 6,2 ; 7,0 ; 8,5 ; 6,1 ; 6,5 ; NOP
08/07/2020 ; 14:05:27 ; 110,1 ; 2000,0 ; 4,9 ; 6,2 ; 7,0 ; 8,5 ; 6,1 ; 6,5 ; NOP
08/07/2020 ; 14:05:30 ; 110,4 ; 2000,0 ; 4,9 ; 6,2 ; 7,0 ; 8,5 ; 6,1 ; 6,5 ; NOP
08/07/2020 ; 14:05:33 ; 110,4 ; 2000,0 ; 4,9 ; 6,2 ; 7,0 ; 8,5 ; 6,1 ; 6,5 ; NOP
08/07/2020 ; 14:05:36 ; 110,4 ; 2000,0 ; 4,9 ; 6,2 ; 7,0 ; 8,5 ; 6,1 ; 6,5 ; NOP
08/07/2020 ; 14:05:39 ; 110,4 ; 2000,0 ; 4,9 ; 6,2 ; 7,0 ; 8,5 ; 6,1 ; 6,5 ; NOP
08/07/2020 ; 14:05:42 ; 109,8 ; 2000,0 ; 4,9 ; 6,2 ; 7,0 ; 8,5 ; 6,1 ; 6,5 ; NOP
08/07/2020 ; 14:05:45 ; 109,8 ; 2000,0 ; 4,9 ; 6,2 ; 7,0 ; 8,5 ; 6,1 ; 6,5 ; NOP
08/07/2020 ; 14:05:48 ; 109,8 ; 2000,0 ; 4,9 ; 6,2 ; 7,0 ; 8,5 ; 6,1 ; 6,5 ; NOP
08/07/2020 ; 14:05:51 ; 110,1 ; 2000,0 ; 4,9 ; 6,2 ; 7,0 ; 8,5 ; 6,1 ; 6,5 ; NOP
08/07/2020 ; 14:05:54 ; 110,1 ; 2000,0 ; 4,9 ; 6,2 ; 7,0 ; 8,5 ; 6,1 ; 6,5 ; NOP
08/07/2020 ; 14:05:57 ; 110,1 ; 2000,0 ; 4,9 ; 6,2 ; 7,0 ; 8,5 ; 6,1 ; 6,5 ; NOP
08/07/2020 ; 14:06:00 ; 110,1 ; 2000,0 ; 4,9 ; 6,2 ; 7,0 ; 8,5 ; 6,1 ; 6,5 ; NOP
08/07/2020 ; 14:06:03 ; 109,4 ; 2000,0 ; 4,9 ; 6,2 ; 7,0 ; 8,5 ; 6,1 ; 6,5 ; NOP
08/07/2020 ; 14:06:06 ; 109,4 ; 2000,0 ; 4,9 ; 6,2 ; 7,0 ; 8,5 ; 6,1 ; 6,5 ; NOP
08/07/2020 ; 14:06:09 ; 109,8 ; 2000,0 ; 4,9 ; 6,2 ; 7,0 ; 8,5 ; 6,1 ; 6,5 ; NOP
08/07/2020 ; 14:06:12 ; 109,8 ; 2000,0 ; 4,9 ; 6,2 ; 7,0 ; 8,5 ; 6,1 ; 6,5 ; NOP
08/07/2020 ; 14:06:15 ; 109,8 ; 2000,0 ; 4,9 ; 6,2 ; 7,0 ; 8,5 ; 6,1 ; 6,5 ; NOP
08/07/2020 ; 14:06:18 ; 109,1 ; 2000,0 ; 4,9 ; 6,2 ; 7,0 ; 8,5 ; 6,1 ; 6,5 ; NOP
08/07/2020 ; 14:06:21 ; 109,1 ; 2000,0 ; 4,9 ; 6,2 ; 7,0 ; 8,5 ; 6,1 ; 6,5 ; NOP
08/07/2020 ; 14:06:24 ; 109,1 ; 2000,0 ; 4,9 ; 6,2 ; 7,0 ; 8,5 ; 6,1 ; 6,5 ; NOP
08/07/2020 ; 14:06:27 ; 109,1 ; 2000,0 ; 4,9 ; 6,2 ; 7,0 ; 8,5 ; 6,1 ; 6,5 ; NOP
08/07/2020 ; 14:06:30 ; 109,8 ; 2000,0 ; 4,9 ; 6,2 ; 7,0 ; 8,5 ; 6,1 ; 6,5 ; NOP
08/07/2020 ; 14:06:33 ; 109,8 ; 2000,0 ; 4,9 ; 6,2 ; 7,0 ; 8,5 ; 6,1 ; 6,5 ; NOP
08/07/2020 ; 14:06:36 ; 109,8 ; 2000,0 ; 4,9 ; 6,2 ; 7,0 ; 8,5 ; 6,1 ; 6,5 ; NOP
08/07/2020 ; 14:06:39 ; 109,8 ; 2000,0 ; 4,9 ; 6,2 ; 7,0 ; 8,5 ; 6,1 ; 6,5 ; NOP
08/07/2020 ; 14:06:42 ; 109,8 ; 2000,0 ; 4,9 ; 6,2 ; 7,0 ; 8,5 ; 6,1 ; 6,5 ; NOP
08/07/2020 ; 14:06:45 ; 109,8 ; 2000,0 ; 4,9 ; 6,2 ; 7,0 ; 8,5 ; 6,1 ; 6,5 ; NOP
08/07/2020 ; 14:06:48 ; 109,8 ; 2000,0 ; 4,9 ; 6,2 ; 7,0 ; 8,5 ; 6,1 ; 6,5 ; NOP
08/07/2020 ; 14:06:51 ; 111,0 ; 2000,0 ; 4,9 ; 6,2 ; 7,0 ; 8,5 ; 6,1 ; 6,5 ; NOP
08/07/2020 ; 14:06:54 ; 111,0 ; 2000,0 ; 4,9 ; 6,2 ; 7,0 ; 8,5 ; 6,2 ; 6,5 ; NOP
08/07/2020 ; 14:06:57 ; 111,0 ; 2000,0 ; 4,9 ; 6,2 ; 7,0 ; 8,5 ; 6,2 ; 6,5 ; NOP
08/07/2020 ; 14:07:00 ; 111,0 ; 2000,0 ; 4,9 ; 6,2 ; 7,0 ; 8,5 ; 6,2 ; 6,5 ; NOP
08/07/2020 ; 14:07:03 ; 111,7 ; 2000,0 ; 4,9 ; 6,3 ; 7,1 ; 8,5 ; 6,2 ; 6,5 ; NOP
08/07/2020 ; 14:07:06 ; 111,7 ; 2000,0 ; 4,9 ; 6,3 ; 7,1 ; 8,5 ; 6,2 ; 6,5 ; NOP
08/07/2020 ; 14:07:09 ; 111,7 ; 2000,0 ; 4,9 ; 6,3 ; 7,1 ; 8,5 ; 6,2 ; 6,5 ; NOP
08/07/2020 ; 14:07:12 ; 111,7 ; 2000,0 ; 4,9 ; 6,3 ; 7,1 ; 8,5 ; 6,2 ; 6,5 ; NOP
08/07/2020 ; 14:07:15 ; 111,7 ; 2000,0 ; 4,9 ; 6,3 ; 7,1 ; 8,5 ; 6,2 ; 6,5 ; NOP
08/07/2020 ; 14:07:18 ; 111,7 ; 2000,0 ; 4,9 ; 6,3 ; 7,1 ; 8,5 ; 6,2 ; 6,5 ; NOP
08/07/2020 ; 14:07:21 ; 111,7 ; 2000,0 ; 4,9 ; 6,3 ; 7,1 ; 8,5 ; 6,2 ; 6,5 ; NOP
08/07/2020 ; 14:07:24 ; 111,7 ; 2000,0 ; 4,9 ; 6,3 ; 7,1 ; 8,5 ; 6,2 ; 6,5 ; NOP
08/07/2020 ; 14:07:27 ; 111,7 ; 2000,0 ; 4,9 ; 6,3 ; 7,1 ; 8,5 ; 6,2 ; 6,5 ; NOP
08/07/2020 ; 14:07:30 ; 111,7 ; 2000,0 ; 4,9 ; 6,3 ; 7,1 ; 8,5 ; 6,2 ; 6,5 ; NOP
08/07/2020 ; 14:07:33 ; 111,7 ; 2000,0 ; 4,9 ; 6,3 ; 7,1 ; 8,5 ; 6,2 ; 6,5 ; NOP
08/07/2020 ; 14:07:36 ; 111,7 ; 2000,0 ; 4,9 ; 6,3 ; 7,1 ; 8,5 ; 6,2 ; 6,5 ; NOP
08/07/2020 ; 14:07:39 ; 112,3 ; 2000,0 ; 4,9 ; 6,3 ; 7,1 ; 8,5 ; 6,2 ; 6,5 ; NOP
08/07/2020 ; 14:07:42 ; 112,3 ; 2000,0 ; 4,9 ; 6,3 ; 7,1 ; 8,6 ; 6,2 ; 6,5 ; NOP
08/07/2020 ; 14:07:45 ; 112,3 ; 2000,0 ; 4,9 ; 6,3 ; 7,1 ; 8,6 ; 6,2 ; 6,5 ; NOP
08/07/2020 ; 14:07:48 ; 112,3 ; 2000,0 ; 4,9 ; 6,3 ; 7,1 ; 8,6 ; 6,2 ; 6,5 ; NOP
08/07/2020 ; 14:07:51 ; 111,7 ; 2000,0 ; 4,9 ; 6,3 ; 7,1 ; 8,6 ; 6,2 ; 6,5 ; NOP
08/07/2020 ; 14:07:54 ; 111,7 ; 2000,0 ; 4,9 ; 6,3 ; 7,1 ; 8,6 ; 6,2 ; 6,5 ; NOP
08/07/2020 ; 14:07:57 ; 111,7 ; 2000,0 ; 4,9 ; 6,3 ; 7,1 ; 8,6 ; 6,2 ; 6,5 ; NOP
08/07/2020 ; 14:08:00 ; 111,7 ; 2000,0 ; 4,9 ; 6,3 ; 7,1 ; 8,6 ; 6,2 ; 6,5 ; NOP
08/07/2020 ; 14:08:03 ; 111,7 ; 2000,0 ; 4,9 ; 6,3 ; 7,1 ; 8,6 ; 6,2 ; 6,5 ; NOP
08/07/2020 ; 14:08:06 ; 111,7 ; 2000,0 ; 4,9 ; 6,3 ; 7,1 ; 8,6 ; 6,2 ; 6,5 ; NOP
08/07/2020 ; 14:08:09 ; 111,7 ; 2000,0 ; 4,9 ; 6,3 ; 7,1 ; 8,6 ; 6,2 ; 6,5 ; NOP
08/07/2020 ; 14:08:12 ; 112,0 ; 2000,0 ; 4,9 ; 6,3 ; 7,1 ; 8,6 ; 6,2 ; 6,5 ; NOP
08/07/2020 ; 14:08:15 ; 112,0 ; 2000,0 ; 4,9 ; 6,3 ; 7,1 ; 8,6 ; 6,2 ; 6,5 ; NOP
08/07/2020 ; 14:08:18 ; 112,0 ; 2000,0 ; 4,9 ; 6,3 ; 7,1 ; 8,6 ; 6,2 ; 6,5 ; NOP
08/07/2020 ; 14:08:21 ; 111,7 ; 2000,0 ; 5,1 ; 6,3 ; 7,1 ; 8,6 ; 6,2 ; 6,5 ; NOP
08/07/2020 ; 14:08:24 ; 111,7 ; 2000,0 ; 5,1 ; 6,3 ; 7,1 ; 8,6 ; 6,3 ; 6,5 ; NOP
08/07/2020 ; 14:08:27 ; 111,7 ; 2000,0 ; 5,1 ; 6,3 ; 7,1 ; 8,6 ; 6,3 ; 6,5 ; NOP
08/07/2020 ; 14:08:30 ; 111,7 ; 2000,0 ; 5,1 ; 6,3 ; 7,1 ; 8,6 ; 6,3 ; 6,5 ; NOP
08/07/2020 ; 14:08:33 ; 112,6 ; 2000,0 ; 4,9 ; 6,3 ; 7,1 ; 8,6 ; 6,3 ; 6,5 ; NOP
08/07/2020 ; 14:08:36 ; 112,6 ; 2000,0 ; 4,9 ; 6,3 ; 7,1 ; 8,6 ; 6,3 ; 6,5 ; NOP
08/07/2020 ; 14:08:39 ; 112,6 ; 2000,0 ; 4,9 ; 6,3 ; 7,1 ; 8,6 ; 6,3 ; 6,5 ; NOP
08/07/2020 ; 14:08:42 ; 112,3 ; 2000,0 ; 5,1 ; 6,3 ; 7,1 ; 8,6 ; 6,3 ; 6,5 ; NOP
08/07/2020 ; 14:08:45 ; 112,3 ; 2000,0 ; 5,1 ; 6,4 ; 7,1 ; 8,6 ; 6,3 ; 6,6 ; NOP
08/07/2020 ; 14:08:48 ; 112,3 ; 2000,0 ; 5,1 ; 6,4 ; 7,1 ; 8,6 ; 6,3 ; 6,6 ; NOP
08/07/2020 ; 14:08:51 ; 112,3 ; 2000,0 ; 5,1 ; 6,4 ; 7,1 ; 8,6 ; 6,3 ; 6,6 ; NOP
08/07/2020 ; 14:08:54 ; 111,7 ; 2000,0 ; 5,0 ; 6,4 ; 7,1 ; 8,6 ; 6,3 ; 6,6 ; NOP
08/07/2020 ; 14:08:57 ; 111,7 ; 2000,0 ; 5,0 ; 6,4 ; 7,1 ; 8,6 ; 6,3 ; 6,6 ; NOP
08/07/2020 ; 14:09:00 ; 112,3 ; 2000,0 ; 5,1 ; 6,4 ; 7,2 ; 8,6 ; 6,3 ; 6,6 ; NOP
08/07/2020 ; 14:09:03 ; 112,3 ; 2000,0 ; 5,1 ; 6,4 ; 7,2 ; 8,6 ; 6,3 ; 6,6 ; NOP
08/07/2020 ; 14:09:06 ; 112,3 ; 2000,0 ; 5,1 ; 6,4 ; 7,2 ; 8,6 ; 6,3 ; 6,6 ; NOP
08/07/2020 ; 14:09:09 ; 112,0 ; 2000,0 ; 5,1 ; 6,4 ; 7,2 ; 8,6 ; 6,3 ; 6,6 ; NOP
08/07/2020 ; 14:09:12 ; 112,0 ; 2000,0 ; 5,1 ; 6,4 ; 7,2 ; 8,6 ; 6,3 ; 6,6 ; NOP
08/07/2020 ; 14:09:15 ; 112,0 ; 2000,0 ; 5,1 ; 6,4 ; 7,2 ; 8,6 ; 6,3 ; 6,6 ; NOP
08/07/2020 ; 14:09:18 ; 112,0 ; 2000,0 ; 5,1 ; 6,4 ; 7,2 ; 8,6 ; 6,3 ; 6,6 ; NOP
08/07/2020 ; 14:09:21 ; 112,6 ; 2000,0 ; 5,1 ; 6,4 ; 7,2 ; 8,6 ; 6,3 ; 6,6 ; NOP
08/07/2020 ; 14:09:24 ; 112,6 ; 2000,0 ; 5,1 ; 6,4 ; 7,2 ; 8,6 ; 6,3 ; 6,6 ; NOP
08/07/2020 ; 14:09:27 ; 112,6 ; 2000,0 ; 5,1 ; 6,4 ; 7,2 ; 8,6 ; 6,3 ; 6,6 ; NOP
08/07/2020 ; 14:09:30 ; 111,7 ; 2000,0 ; 5,1 ; 6,4 ; 7,2 ; 8,6 ; 6,3 ; 6,6 ; NOP
08/07/2020 ; 14:09:33 ; 111,7 ; 2000,0 ; 5,1 ; 6,4 ; 7,2 ; 8,7 ; 6,4 ; 6,6 ; NOP
08/07/2020 ; 14:09:36 ; 111,7 ; 2000,0 ; 5,1 ; 6,4 ; 7,2 ; 8,7 ; 6,4 ; 6,6 ; NOP
08/07/2020 ; 14:09:39 ; 111,7 ; 2000,0 ; 5,1 ; 6,4 ; 7,2 ; 8,7 ; 6,4 ; 6,6 ; NOP
08/07/2020 ; 14:09:42 ; 111,7 ; 2000,0 ; 5,1 ; 6,5 ; 7,2 ; 8,7 ; 6,4 ; 6,6 ; NOP
08/07/2020 ; 14:09:45 ; 111,7 ; 2000,0 ; 5,1 ; 6,5 ; 7,2 ; 8,7 ; 6,4 ; 6,6 ; NOP
08/07/2020 ; 14:09:48 ; 111,7 ; 2000,0 ; 5,1 ; 6,5 ; 7,2 ; 8,7 ; 6,4 ; 6,6 ; NOP
08/07/2020 ; 14:09:51 ; 111,7 ; 2000,0 ; 5,1 ; 6,5 ; 7,2 ; 8,7 ; 6,4 ; 6,6 ; NOP
08/07/2020 ; 14:09:54 ; 111,7 ; 2000,0 ; 5,1 ; 6,5 ; 7,2 ; 8,7 ; 6,4 ; 6,6 ; NOP
08/07/2020 ; 14:09:57 ; 111,7 ; 2000,0 ; 5,1 ; 6,5 ; 7,2 ; 8,7 ; 6,4 ; 6,6 ; NOP
08/07/2020 ; 14:10:00 ; 111,7 ; 2000,0 ; 5,1 ; 6,5 ; 7,2 ; 8,7 ; 6,4 ; 6,6 ; NOP
08/07/2020 ; 14:10:03 ; 112,0 ; 2000,0 ; 5,1 ; 6,5 ; 7,2 ; 8,7 ; 6,4 ; 6,6 ; NOP
08/07/2020 ; 14:10:06 ; 112,0 ; 2000,0 ; 5,1 ; 6,5 ; 7,2 ; 8,7 ; 6,4 ; 6,6 ; NOP
08/07/2020 ; 14:10:09 ; 112,0 ; 2000,0 ; 5,1 ; 6,5 ; 7,2 ; 8,7 ; 6,4 ; 6,6 ; NOP
08/07/2020 ; 14:10:12 ; 111,7 ; 2000,0 ; 5,1 ; 6,5 ; 7,2 ; 8,7 ; 6,4 ; 6,6 ; NOP
08/07/2020 ; 14:10:15 ; 111,7 ; 2000,0 ; 5,1 ; 6,5 ; 7,2 ; 8,7 ; 6,4 ; 6,6 ; NOP
08/07/2020 ; 14:10:18 ; 112,0 ; 2000,0 ; 5,1 ; 6,5 ; 7,2 ; 8,7 ; 6,4 ; 6,6 ; NOP
08/07/2020 ; 14:10:21 ; 112,0 ; 2000,0 ; 5,1 ; 6,5 ; 7,2 ; 8,7 ; 6,4 ; 6,7 ; NOP
08/07/2020 ; 14:10:24 ; 112,0 ; 2000,0 ; 5,1 ; 6,5 ; 7,2 ; 8,7 ; 6,4 ; 6,7 ; NOP
08/07/2020 ; 14:10:27 ; 112,0 ; 2000,0 ; 5,1 ; 6,5 ; 7,2 ; 8,7 ; 6,4 ; 6,7 ; NOP
08/07/2020 ; 14:10:30 ; 112,0 ; 2000,0 ; 5,1 ; 6,5 ; 7,2 ; 8,7 ; 6,4 ; 6,7 ; NOP
08/07/2020 ; 14:10:33 ; 112,0 ; 2000,0 ; 5,1 ; 6,5 ; 7,2 ; 8,7 ; 6,5 ; 6,7 ; NOP
08/07/2020 ; 14:10:36 ; 112,0 ; 2000,0 ; 5,1 ; 6,5 ; 7,2 ; 8,7 ; 6,5 ; 6,7 ; NOP
08/07/2020 ; 14:10:39 ; 111,4 ; 2000,0 ; 5,1 ; 6,5 ; 7,2 ; 8,7 ; 6,5 ; 6,7 ; NOP
08/07/2020 ; 14:10:42 ; 111,4 ; 2000,0 ; 5,1 ; 6,5 ; 7,3 ; 8,7 ; 6,5 ; 6,7 ; NOP
08/07/2020 ; 14:10:45 ; 111,4 ; 2000,0 ; 5,1 ; 6,5 ; 7,3 ; 8,8 ; 6,5 ; 6,7 ; NOP
08/07/2020 ; 14:10:48 ; 111,0 ; 2000,0 ; 5,1 ; 6,5 ; 7,3 ; 8,8 ; 6,5 ; 6,7 ; NOP
08/07/2020 ; 14:10:51 ; 111,0 ; 2000,0 ; 5,1 ; 6,6 ; 7,3 ; 8,8 ; 6,5 ; 6,7 ; NOP
08/07/2020 ; 14:10:54 ; 111,0 ; 2000,0 ; 5,1 ; 6,6 ; 7,3 ; 8,8 ; 6,5 ; 6,7 ; NOP
08/07/2020 ; 14:10:57 ; 111,0 ; 2000,0 ; 5,1 ; 6,6 ; 7,3 ; 8,8 ; 6,5 ; 6,7 ; NOP
08/07/2020 ; 14:11:00 ; 111,7 ; 2000,0 ; 5,1 ; 6,6 ; 7,3 ; 8,8 ; 6,5 ; 6,7 ; NOP
08/07/2020 ; 14:11:03 ; 111,7 ; 2000,0 ; 5,1 ; 6,6 ; 7,3 ; 8,8 ; 6,5 ; 6,7 ; NOP
08/07/2020 ; 14:11:06 ; 111,7 ; 2000,0 ; 5,1 ; 6,6 ; 7,3 ; 8,8 ; 6,5 ; 6,7 ; NOP
08/07/2020 ; 14:11:09 ; 111,0 ; 2000,0 ; 5,1 ; 6,6 ; 7,3 ; 8,8 ; 6,5 ; 6,7 ; NOP
08/07/2020 ; 14:11:12 ; 111,0 ; 2000,0 ; 5,1 ; 6,6 ; 7,3 ; 8,8 ; 6,5 ; 6,7 ; NOP
08/07/2020 ; 14:11:15 ; 111,0 ; 2000,0 ; 5,1 ; 6,6 ; 7,3 ; 8,8 ; 6,5 ; 6,7 ; NOP
08/07/2020 ; 14:11:18 ; 111,0 ; 2000,0 ; 5,1 ; 6,6 ; 7,3 ; 8,8 ; 6,5 ; 6,7 ; NOP
08/07/2020 ; 14:11:21 ; 111,4 ; 2000,0 ; 5,3 ; 6,6 ; 7,3 ; 8,8 ; 6,5 ; 6,7 ; NOP
08/07/2020 ; 14:11:24 ; 111,4 ; 2000,0 ; 5,3 ; 6,6 ; 7,3 ; 8,8 ; 6,5 ; 6,7 ; NOP
08/07/2020 ; 14:11:27 ; 111,4 ; 2000,0 ; 5,3 ; 6,6 ; 7,3 ; 8,8 ; 6,5 ; 6,7 ; NOP
08/07/2020 ; 14:11:30 ; 111,4 ; 2000,0 ; 5,2 ; 6,6 ; 7,3 ; 8,8 ; 6,5 ; 6,7 ; NOP
08/07/2020 ; 14:11:33 ; 111,4 ; 2000,0 ; 5,2 ; 6,7 ; 7,3 ; 8,9 ; 6,6 ; 6,7 ; NOP
08/07/2020 ; 14:11:36 ; 111,4 ; 2000,0 ; 5,2 ; 6,7 ; 7,3 ; 8,9 ; 6,6 ; 6,7 ; NOP
08/07/2020 ; 14:11:39 ; 111,4 ; 2000,0 ; 5,2 ; 6,7 ; 7,3 ; 8,9 ; 6,6 ; 6,7 ; NOP
08/07/2020 ; 14:11:42 ; 111,4 ; 2000,0 ; 5,2 ; 6,7 ; 7,3 ; 8,9 ; 6,6 ; 6,7 ; NOP
08/07/2020 ; 14:11:45 ; 111,4 ; 2000,0 ; 5,3 ; 6,7 ; 7,3 ; 8,9 ; 6,6 ; 6,7 ; NOP
08/07/2020 ; 14:11:48 ; 111,4 ; 2000,0 ; 5,3 ; 6,7 ; 7,3 ; 8,9 ; 6,6 ; 6,8 ; NOP
08/07/2020 ; 14:11:51 ; 111,0 ; 2000,0 ; 5,3 ; 6,7 ; 7,3 ; 8,9 ; 6,6 ; 6,8 ; NOP
08/07/2020 ; 14:11:54 ; 111,0 ; 2000,0 ; 5,3 ; 6,7 ; 7,3 ; 8,9 ; 6,6 ; 6,8 ; NOP
08/07/2020 ; 14:11:57 ; 111,0 ; 2000,0 ; 5,3 ; 6,7 ; 7,3 ; 8,9 ; 6,6 ; 6,8 ; NOP
08/07/2020 ; 14:12:00 ; 111,0 ; 2000,0 ; 5,3 ; 6,7 ; 7,3 ; 8,9 ; 6,6 ; 6,8 ; NOP
08/07/2020 ; 14:12:03 ; 111,0 ; 2000,0 ; 5,3 ; 6,7 ; 7,4 ; 8,9 ; 6,6 ; 6,8 ; NOP
08/07/2020 ; 14:12:06 ; 111,0 ; 2000,0 ; 5,3 ; 6,7 ; 7,4 ; 8,9 ; 6,6 ; 6,8 ; NOP
08/07/2020 ; 14:12:09 ; 111,0 ; 2000,0 ; 5,3 ; 6,7 ; 7,4 ; 8,9 ; 6,6 ; 6,8 ; NOP
08/07/2020 ; 14:12:12 ; 110,4 ; 2000,0 ; 5,3 ; 6,7 ; 7,4 ; 8,9 ; 6,6 ; 6,8 ; NOP
08/07/2020 ; 14:12:15 ; 110,4 ; 2000,0 ; 5,3 ; 6,7 ; 7,4 ; 8,9 ; 6,7 ; 6,8 ; NOP
08/07/2020 ; 14:12:18 ; 110,7 ; 2000,0 ; 5,3 ; 6,7 ; 7,4 ; 8,9 ; 6,7 ; 6,8 ; NOP
08/07/2020 ; 14:12:21 ; 110,7 ; 2000,0 ; 5,3 ; 6,7 ; 7,4 ; 8,9 ; 6,7 ; 6,8 ; NOP
08/07/2020 ; 14:12:24 ; 110,7 ; 2000,0 ; 5,3 ; 6,7 ; 7,4 ; 8,9 ; 6,7 ; 6,8 ; NOP
08/07/2020 ; 14:12:27 ; 110,7 ; 2000,0 ; 5,3 ; 6,7 ; 7,4 ; 8,9 ; 6,7 ; 6,8 ; NOP
08/07/2020 ; 14:12:30 ; 111,4 ; 2000,0 ; 5,3 ; 6,7 ; 7,4 ; 8,9 ; 6,7 ; 6,8 ; NOP
08/07/2020 ; 14:12:33 ; 111,4 ; 2000,0 ; 5,3 ; 6,8 ; 7,4 ; 9,0 ; 6,7 ; 6,8 ; NOP
08/07/2020 ; 14:12:36 ; 111,4 ; 2000,0 ; 5,3 ; 6,8 ; 7,4 ; 9,0 ; 6,7 ; 6,9 ; NOP
08/07/2020 ; 14:12:39 ; 111,4 ; 2000,0 ; 5,3 ; 6,8 ; 7,4 ; 9,0 ; 6,7 ; 6,9 ; NOP
08/07/2020 ; 14:12:42 ; 111,0 ; 2000,0 ; 5,3 ; 6,8 ; 7,4 ; 9,0 ; 6,7 ; 6,9 ; NOP
08/07/2020 ; 14:12:45 ; 111,0 ; 2000,0 ; 5,4 ; 6,8 ; 7,4 ; 9,0 ; 6,7 ; 6,9 ; NOP
08/07/2020 ; 14:12:48 ; 111,0 ; 2000,0 ; 5,4 ; 6,8 ; 7,4 ; 9,0 ; 6,7 ; 6,9 ; NOP
08/07/2020 ; 14:12:51 ; 111,7 ; 2000,0 ; 5,4 ; 6,8 ; 7,4 ; 9,0 ; 6,7 ; 6,9 ; NOP
08/07/2020 ; 14:12:54 ; 111,7 ; 2000,0 ; 5,4 ; 6,8 ; 7,5 ; 9,0 ; 6,7 ; 6,9 ; NOP
08/07/2020 ; 14:12:57 ; 111,7 ; 2000,0 ; 5,4 ; 6,8 ; 7,5 ; 9,0 ; 6,7 ; 6,9 ; NOP
08/07/2020 ; 14:13:00 ; 111,0 ; 2000,0 ; 5,4 ; 6,8 ; 7,5 ; 9,0 ; 6,7 ; 6,9 ; NOP
08/07/2020 ; 14:13:03 ; 111,0 ; 2000,0 ; 5,5 ; 6,9 ; 7,5 ; 9,0 ; 6,8 ; 6,9 ; NOP
08/07/2020 ; 14:13:06 ; 111,0 ; 2000,0 ; 5,5 ; 6,9 ; 7,5 ; 9,0 ; 6,8 ; 6,9 ; NOP
08/07/2020 ; 14:13:09 ; 111,4 ; 2000,0 ; 5,5 ; 6,9 ; 7,5 ; 9,0 ; 6,8 ; 6,9 ; NOP
08/07/2020 ; 14:13:12 ; 111,4 ; 2000,0 ; 5,4 ; 6,9 ; 7,5 ; 9,0 ; 6,8 ; 6,9 ; NOP
08/07/2020 ; 14:13:15 ; 111,4 ; 2000,0 ; 5,4 ; 6,9 ; 7,5 ; 9,1 ; 6,8 ; 7,0 ; NOP
08/07/2020 ; 14:13:18 ; 111,0 ; 2000,0 ; 5,5 ; 6,9 ; 7,5 ; 9,1 ; 6,8 ; 7,0 ; NOP
08/07/2020 ; 14:13:21 ; 111,0 ; 2000,0 ; 5,5 ; 6,9 ; 7,5 ; 9,1 ; 6,8 ; 7,0 ; NOP
08/07/2020 ; 14:13:24 ; 111,0 ; 2000,0 ; 5,5 ; 6,9 ; 7,5 ; 9,1 ; 6,8 ; 7,0 ; NOP
08/07/2020 ; 14:13:27 ; 111,0 ; 2000,0 ; 5,5 ; 6,9 ; 7,5 ; 9,1 ; 6,8 ; 7,0 ; NOP
08/07/2020 ; 14:13:30 ; 111,0 ; 2000,0 ; 5,5 ; 6,9 ; 7,5 ; 9,1 ; 6,8 ; 7,0 ; NOP
08/07/2020 ; 14:13:33 ; 111,0 ; 2000,0 ; 5,5 ; 6,9 ; 7,5 ; 9,1 ; 6,8 ; 7,0 ; NOP
08/07/2020 ; 14:13:36 ; 111,0 ; 2000,0 ; 5,5 ; 6,9 ; 7,5 ; 9,1 ; 6,8 ; 7,0 ; NOP
08/07/2020 ; 14:13:39 ; 112,0 ; 2000,0 ; 5,5 ; 6,9 ; 7,5 ; 9,1 ; 6,8 ; 7,0 ; NOP
08/07/2020 ; 14:13:42 ; 112,0 ; 2000,0 ; 5,5 ; 7,0 ; 7,6 ; 9,1 ; 6,9 ; 7,0 ; NOP
08/07/2020 ; 14:13:45 ; 112,0 ; 2000,0 ; 5,5 ; 7,0 ; 7,6 ; 9,1 ; 6,9 ; 7,0 ; NOP
08/07/2020 ; 14:13:48 ; 112,0 ; 2000,0 ; 5,5 ; 7,0 ; 7,6 ; 9,1 ; 6,9 ; 7,0 ; NOP
08/07/2020 ; 14:13:51 ; 111,7 ; 2000,0 ; 5,5 ; 7,0 ; 7,6 ; 9,1 ; 6,9 ; 7,0 ; NOP
08/07/2020 ; 14:13:54 ; 111,7 ; 2000,0 ; 5,5 ; 7,0 ; 7,6 ; 9,1 ; 6,9 ; 7,0 ; NOP
08/07/2020 ; 14:13:57 ; 111,7 ; 2000,0 ; 5,5 ; 7,0 ; 7,6 ; 9,1 ; 6,9 ; 7,0 ; NOP
08/07/2020 ; 14:14:00 ; 111,7 ; 2000,0 ; 5,5 ; 7,0 ; 7,6 ; 9,1 ; 6,9 ; 7,0 ; NOP
08/07/2020 ; 14:14:03 ; 111,7 ; 2000,0 ; 5,5 ; 7,0 ; 7,6 ; 9,2 ; 6,9 ; 7,0 ; NOP
08/07/2020 ; 14:14:06 ; 111,7 ; 2000,0 ; 5,5 ; 7,0 ; 7,6 ; 9,2 ; 6,9 ; 7,0 ; NOP
08/07/2020 ; 14:14:09 ; 111,7 ; 2000,0 ; 5,5 ; 7,0 ; 7,6 ; 9,2 ; 6,9 ; 7,0 ; NOP
08/07/2020 ; 14:14:12 ; 111,7 ; 2000,0 ; 5,5 ; 7,1 ; 7,6 ; 9,2 ; 6,9 ; 7,0 ; NOP
08/07/2020 ; 14:14:15 ; 111,7 ; 2000,0 ; 5,5 ; 7,1 ; 7,6 ; 9,2 ; 7,0 ; 7,1 ; NOP
08/07/2020 ; 14:14:18 ; 111,7 ; 2000,0 ; 5,5 ; 7,1 ; 7,6 ; 9,2 ; 7,0 ; 7,1 ; NOP
08/07/2020 ; 14:14:21 ; 112,0 ; 2000,0 ; 5,5 ; 7,1 ; 7,6 ; 9,2 ; 7,0 ; 7,1 ; NOP
08/07/2020 ; 14:14:24 ; 112,0 ; 2000,0 ; 5,7 ; 7,1 ; 7,7 ; 9,2 ; 7,0 ; 7,1 ; NOP
08/07/2020 ; 14:14:27 ; 112,0 ; 2000,0 ; 5,7 ; 7,1 ; 7,7 ; 9,2 ; 7,0 ; 7,1 ; NOP
08/07/2020 ; 14:14:30 ; 112,0 ; 2000,0 ; 5,7 ; 7,1 ; 7,7 ; 9,2 ; 7,0 ; 7,1 ; NOP
08/07/2020 ; 14:14:33 ; 111,7 ; 2000,0 ; 5,7 ; 7,1 ; 7,7 ; 9,2 ; 7,0 ; 7,1 ; NOP
08/07/2020 ; 14:14:36 ; 111,7 ; 2000,0 ; 5,7 ; 7,1 ; 7,7 ; 9,2 ; 7,0 ; 7,1 ; NOP
08/07/2020 ; 14:14:39 ; 111,7 ; 2000,0 ; 5,7 ; 7,1 ; 7,7 ; 9,2 ; 7,0 ; 7,1 ; NOP
08/07/2020 ; 14:14:42 ; 111,7 ; 2000,0 ; 5,7 ; 7,1 ; 7,7 ; 9,2 ; 7,0 ; 7,1 ; NOP
08/07/2020 ; 14:14:45 ; 111,7 ; 2000,0 ; 5,7 ; 7,2 ; 7,7 ; 9,2 ; 7,0 ; 7,2 ; NOP
08/07/2020 ; 14:14:48 ; 112,3 ; 2000,0 ; 5,7 ; 7,2 ; 7,7 ; 9,2 ; 7,0 ; 7,2 ; NOP
08/07/2020 ; 14:14:51 ; 112,3 ; 2000,0 ; 5,7 ; 7,2 ; 7,8 ; 9,2 ; 7,0 ; 7,2 ; NOP
08/07/2020 ; 14:14:54 ; 112,3 ; 2000,0 ; 5,7 ; 7,2 ; 7,8 ; 9,2 ; 7,0 ; 7,2 ; NOP
08/07/2020 ; 14:14:57 ; 112,3 ; 2000,0 ; 5,7 ; 7,2 ; 7,8 ; 9,2 ; 7,0 ; 7,2 ; NOP
08/07/2020 ; 14:15:00 ; 112,0 ; 2000,0 ; 5,7 ; 7,2 ; 7,8 ; 9,2 ; 7,0 ; 7,2 ; NOP
08/07/2020 ; 14:15:03 ; 112,0 ; 2000,0 ; 5,7 ; 7,2 ; 7,8 ; 9,2 ; 7,1 ; 7,2 ; NOP
08/07/2020 ; 14:15:06 ; 112,0 ; 2000,0 ; 5,7 ; 7,2 ; 7,8 ; 9,2 ; 7,1 ; 7,2 ; NOP
08/07/2020 ; 14:15:09 ; 112,3 ; 2000,0 ; 5,7 ; 7,2 ; 7,8 ; 9,2 ; 7,1 ; 7,2 ; NOP
08/07/2020 ; 14:15:12 ; 112,3 ; 2000,0 ; 5,7 ; 7,3 ; 7,8 ; 9,3 ; 7,1 ; 7,2 ; NOP
08/07/2020 ; 14:15:15 ; 112,3 ; 2000,0 ; 5,7 ; 7,3 ; 7,8 ; 9,3 ; 7,1 ; 7,2 ; NOP
08/07/2020 ; 14:15:18 ; 112,3 ; 2000,0 ; 5,7 ; 7,3 ; 7,8 ; 9,3 ; 7,1 ; 7,2 ; NOP
08/07/2020 ; 14:15:21 ; 111,7 ; 2000,0 ; 5,7 ; 7,3 ; 7,8 ; 9,3 ; 7,1 ; 7,2 ; NOP
08/07/2020 ; 14:15:24 ; 111,7 ; 2000,0 ; 5,7 ; 7,3 ; 7,8 ; 9,3 ; 7,1 ; 7,3 ; NOP
08/07/2020 ; 14:15:27 ; 111,7 ; 2000,0 ; 5,7 ; 7,3 ; 7,8 ; 9,3 ; 7,1 ; 7,3 ; NOP
08/07/2020 ; 14:15:30 ; 111,7 ; 2000,0 ; 5,7 ; 7,3 ; 7,8 ; 9,3 ; 7,1 ; 7,3 ; NOP
08/07/2020 ; 14:15:33 ; 111,7 ; 2000,0 ; 5,8 ; 7,3 ; 7,9 ; 9,3 ; 7,2 ; 7,3 ; NOP
08/07/2020 ; 14:15:36 ; 111,7 ; 2000,0 ; 5,8 ; 7,3 ; 7,9 ; 9,3 ; 7,2 ; 7,3 ; NOP
08/07/2020 ; 14:15:39 ; 111,7 ; 2000,0 ; 5,8 ; 7,3 ; 7,9 ; 9,3 ; 7,2 ; 7,3 ; NOP
08/07/2020 ; 14:15:42 ; 112,3 ; 2000,0 ; 5,9 ; 7,3 ; 7,9 ; 9,3 ; 7,2 ; 7,3 ; NOP
08/07/2020 ; 14:15:45 ; 112,3 ; 2000,0 ; 5,9 ; 7,3 ; 7,9 ; 9,4 ; 7,2 ; 7,3 ; NOP
08/07/2020 ; 14:15:48 ; 112,3 ; 2000,0 ; 5,9 ; 7,3 ; 7,9 ; 9,4 ; 7,2 ; 7,3 ; NOP
08/07/2020 ; 14:15:51 ; 112,3 ; 2000,0 ; 5,9 ; 7,3 ; 7,9 ; 9,4 ; 7,2 ; 7,3 ; NOP
08/07/2020 ; 14:15:54 ; 111,7 ; 2000,0 ; 5,9 ; 7,3 ; 7,9 ; 9,4 ; 7,2 ; 7,3 ; NOP
08/07/2020 ; 14:15:57 ; 111,7 ; 2000,0 ; 5,9 ; 7,3 ; 7,9 ; 9,4 ; 7,2 ; 7,3 ; NOP
08/07/2020 ; 14:16:00 ; 111,7 ; 2000,0 ; 5,9 ; 7,3 ; 7,9 ; 9,4 ; 7,2 ; 7,3 ; NOP
08/07/2020 ; 14:16:03 ; 111,7 ; 2000,0 ; 5,9 ; 7,4 ; 7,9 ; 9,4 ; 7,2 ; 7,3 ; NOP
08/07/2020 ; 14:16:06 ; 111,7 ; 2000,0 ; 5,9 ; 7,4 ; 8,0 ; 9,4 ; 7,3 ; 7,4 ; NOP
08/07/2020 ; 14:16:09 ; 111,4 ; 2000,0 ; 5,9 ; 7,4 ; 8,0 ; 9,4 ; 7,3 ; 7,4 ; NOP
08/07/2020 ; 14:16:12 ; 111,4 ; 2000,0 ; 5,9 ; 7,4 ; 8,0 ; 9,5 ; 7,3 ; 7,4 ; NOP
08/07/2020 ; 14:16:15 ; 111,4 ; 2000,0 ; 5,9 ; 7,4 ; 8,0 ; 9,5 ; 7,3 ; 7,4 ; NOP
08/07/2020 ; 14:16:18 ; 111,4 ; 2000,0 ; 5,9 ; 7,4 ; 8,0 ; 9,5 ; 7,3 ; 7,4 ; NOP
08/07/2020 ; 14:16:21 ; 111,4 ; 2000,0 ; 5,9 ; 7,4 ; 8,0 ; 9,5 ; 7,3 ; 7,4 ; NOP
08/07/2020 ; 14:16:24 ; 111,7 ; 2000,0 ; 5,9 ; 7,4 ; 8,0 ; 9,5 ; 7,3 ; 7,4 ; NOP
08/07/2020 ; 14:16:27 ; 111,7 ; 2000,0 ; 5,9 ; 7,4 ; 8,0 ; 9,5 ; 7,3 ; 7,4 ; NOP
08/07/2020 ; 14:16:30 ; 111,7 ; 2000,0 ; 5,9 ; 7,4 ; 8,0 ; 9,5 ; 7,3 ; 7,4 ; NOP
08/07/2020 ; 14:16:33 ; 111,0 ; 2000,0 ; 5,9 ; 7,5 ; 8,0 ; 9,5 ; 7,3 ; 7,4 ; NOP
08/07/2020 ; 14:16:36 ; 111,0 ; 2000,0 ; 5,9 ; 7,5 ; 8,1 ; 9,5 ; 7,3 ; 7,4 ; NOP
08/07/2020 ; 14:16:39 ; 111,0 ; 2000,0 ; 6,0 ; 7,5 ; 8,1 ; 9,5 ; 7,3 ; 7,4 ; NOP
08/07/2020 ; 14:16:42 ; 111,0 ; 2000,0 ; 6,0 ; 7,5 ; 8,1 ; 9,5 ; 7,3 ; 7,5 ; NOP
08/07/2020 ; 14:16:45 ; 111,0 ; 2000,0 ; 6,0 ; 7,5 ; 8,1 ; 9,5 ; 7,3 ; 7,5 ; NOP
08/07/2020 ; 14:16:48 ; 111,0 ; 2000,0 ; 6,0 ; 7,5 ; 8,1 ; 9,5 ; 7,3 ; 7,5 ; NOP
08/07/2020 ; 14:16:51 ; 111,0 ; 2000,0 ; 6,0 ; 7,5 ; 8,1 ; 9,6 ; 7,4 ; 7,5 ; NOP
08/07/2020 ; 14:16:54 ; 111,0 ; 2000,0 ; 6,0 ; 7,5 ; 8,1 ; 9,6 ; 7,4 ; 7,5 ; NOP
08/07/2020 ; 14:16:57 ; 111,0 ; 2000,0 ; 6,0 ; 7,5 ; 8,1 ; 9,6 ; 7,4 ; 7,5 ; NOP
08/07/2020 ; 14:17:00 ; 111,4 ; 2000,0 ; 6,0 ; 7,5 ; 8,1 ; 9,6 ; 7,4 ; 7,5 ; NOP
08/07/2020 ; 14:17:03 ; 111,4 ; 2000,0 ; 6,1 ; 7,6 ; 8,1 ; 9,6 ; 7,4 ; 7,5 ; NOP
08/07/2020 ; 14:17:06 ; 111,4 ; 2000,0 ; 6,1 ; 7,6 ; 8,1 ; 9,6 ; 7,4 ; 7,5 ; NOP
08/07/2020 ; 14:17:09 ; 111,7 ; 2000,0 ; 6,1 ; 7,6 ; 8,1 ; 9,6 ; 7,4 ; 7,5 ; NOP
08/07/2020 ; 14:17:12 ; 111,7 ; 2000,0 ; 6,1 ; 7,6 ; 8,1 ; 9,7 ; 7,4 ; 7,6 ; NOP
08/07/2020 ; 14:17:15 ; 111,7 ; 2000,0 ; 6,1 ; 7,6 ; 8,1 ; 9,7 ; 7,4 ; 7,6 ; NOP
08/07/2020 ; 14:17:18 ; 111,7 ; 2000,0 ; 6,1 ; 7,6 ; 8,1 ; 9,7 ; 7,4 ; 7,6 ; NOP
08/07/2020 ; 14:17:21 ; 111,0 ; 2000,0 ; 6,1 ; 7,6 ; 8,2 ; 9,7 ; 7,4 ; 7,6 ; NOP
08/07/2020 ; 14:17:24 ; 111,0 ; 2000,0 ; 6,1 ; 7,6 ; 8,2 ; 9,7 ; 7,4 ; 7,6 ; NOP
08/07/2020 ; 14:17:27 ; 111,0 ; 2000,0 ; 6,1 ; 7,6 ; 8,2 ; 9,7 ; 7,4 ; 7,6 ; NOP
08/07/2020 ; 14:17:30 ; 111,0 ; 2000,0 ; 6,2 ; 7,7 ; 8,2 ; 9,7 ; 7,4 ; 7,6 ; NOP
08/07/2020 ; 14:17:33 ; 111,0 ; 2000,0 ; 6,2 ; 7,7 ; 8,2 ; 9,7 ; 7,5 ; 7,6 ; NOP
08/07/2020 ; 14:17:36 ; 111,0 ; 2000,0 ; 6,2 ; 7,7 ; 8,2 ; 9,7 ; 7,5 ; 7,6 ; NOP
08/07/2020 ; 14:17:39 ; 111,0 ; 2000,0 ; 6,2 ; 7,7 ; 8,2 ; 9,7 ; 7,5 ; 7,6 ; NOP
08/07/2020 ; 14:17:42 ; 111,0 ; 2000,0 ; 6,2 ; 7,7 ; 8,3 ; 9,8 ; 7,5 ; 7,7 ; NOP
08/07/2020 ; 14:17:45 ; 111,0 ; 2000,0 ; 6,2 ; 7,7 ; 8,3 ; 9,8 ; 7,5 ; 7,7 ; NOP
08/07/2020 ; 14:17:48 ; 111,0 ; 2000,0 ; 6,2 ; 7,7 ; 8,3 ; 9,8 ; 7,5 ; 7,7 ; NOP
08/07/2020 ; 14:17:51 ; 111,7 ; 2000,0 ; 6,3 ; 7,7 ; 8,3 ; 9,8 ; 7,5 ; 7,7 ; NOP
08/07/2020 ; 14:17:54 ; 111,7 ; 2000,0 ; 6,3 ; 7,7 ; 8,3 ; 9,8 ; 7,5 ; 7,7 ; NOP
08/07/2020 ; 14:17:57 ; 111,7 ; 2000,0 ; 6,3 ; 7,7 ; 8,3 ; 9,8 ; 7,5 ; 7,7 ; NOP
08/07/2020 ; 14:18:00 ; 111,7 ; 2000,0 ; 6,3 ; 7,7 ; 8,3 ; 9,8 ; 7,5 ; 7,7 ; NOP
08/07/2020 ; 14:18:03 ; 110,4 ; 2000,0 ; 6,3 ; 7,8 ; 8,3 ; 9,8 ; 7,6 ; 7,7 ; NOP
08/07/2020 ; 14:18:06 ; 110,4 ; 2000,0 ; 6,3 ; 7,8 ; 8,3 ; 9,8 ; 7,6 ; 7,7 ; NOP
08/07/2020 ; 14:18:09 ; 110,4 ; 2000,0 ; 6,3 ; 7,8 ; 8,3 ; 9,8 ; 7,6 ; 7,7 ; NOP
08/07/2020 ; 14:18:12 ; 110,4 ; 2000,0 ; 6,3 ; 7,8 ; 8,3 ; 9,8 ; 7,6 ; 7,7 ; NOP
08/07/2020 ; 14:18:15 ; 110,4 ; 2000,0 ; 6,3 ; 7,8 ; 8,3 ; 9,9 ; 7,6 ; 7,8 ; NOP
08/07/2020 ; 14:18:18 ; 110,4 ; 2000,0 ; 6,3 ; 7,8 ; 8,3 ; 9,9 ; 7,6 ; 7,8 ; NOP
08/07/2020 ; 14:18:21 ; 110,4 ; 2000,0 ; 6,3 ; 7,8 ; 8,3 ; 9,9 ; 7,6 ; 7,8 ; NOP
08/07/2020 ; 14:18:24 ; 111,4 ; 2000,0 ; 6,3 ; 7,8 ; 8,3 ; 9,9 ; 7,6 ; 7,8 ; NOP
08/07/2020 ; 14:18:27 ; 111,4 ; 2000,0 ; 6,3 ; 7,8 ; 8,3 ; 9,9 ; 7,7 ; 7,8 ; NOP
08/07/2020 ; 14:18:30 ; 111,4 ; 2000,0 ; 6,3 ; 7,8 ; 8,3 ; 9,9 ; 7,7 ; 7,8 ; NOP
08/07/2020 ; 14:18:33 ; 110,7 ; 2000,0 ; 6,4 ; 7,9 ; 8,4 ; 9,9 ; 7,7 ; 7,8 ; NOP
08/07/2020 ; 14:18:36 ; 110,7 ; 2000,0 ; 6,4 ; 7,9 ; 8,4 ; 9,9 ; 7,7 ; 7,8 ; NOP
08/07/2020 ; 14:18:39 ; 110,7 ; 2000,0 ; 6,4 ; 7,9 ; 8,4 ; 9,9 ; 7,7 ; 7,8 ; NOP
08/07/2020 ; 14:18:42 ; 111,0 ; 2000,0 ; 6,5 ; 7,9 ; 8,4 ; 9,9 ; 7,7 ; 7,8 ; NOP
08/07/2020 ; 14:18:45 ; 111,0 ; 2000,0 ; 6,5 ; 7,9 ; 8,4 ; 10,0 ; 7,7 ; 7,9 ; NOP
08/07/2020 ; 14:18:48 ; 111,0 ; 2000,0 ; 6,5 ; 7,9 ; 8,4 ; 10,0 ; 7,7 ; 7,9 ; NOP
08/07/2020 ; 14:18:51 ; 111,0 ; 2000,0 ; 6,5 ; 7,9 ; 8,4 ; 10,0 ; 7,7 ; 7,9 ; NOP
08/07/2020 ; 14:18:54 ; 111,0 ; 2000,0 ; 6,5 ; 8,0 ; 8,4 ; 10,0 ; 7,7 ; 7,9 ; NOP
08/07/2020 ; 14:18:57 ; 111,0 ; 2000,0 ; 6,5 ; 8,0 ; 8,4 ; 10,0 ; 7,7 ; 7,9 ; NOP
08/07/2020 ; 14:19:00 ; 111,4 ; 2000,0 ; 6,5 ; 8,0 ; 8,4 ; 10,0 ; 7,7 ; 7,9 ; NOP
08/07/2020 ; 14:19:03 ; 111,4 ; 2000,0 ; 6,5 ; 8,0 ; 8,5 ; 10,1 ; 7,8 ; 8,0 ; NOP
08/07/2020 ; 14:19:06 ; 111,4 ; 2000,0 ; 6,5 ; 8,0 ; 8,5 ; 10,1 ; 7,8 ; 8,0 ; NOP
08/07/2020 ; 14:19:09 ; 111,4 ; 2000,0 ; 6,5 ; 8,0 ; 8,5 ; 10,1 ; 7,8 ; 8,0 ; NOP
08/07/2020 ; 14:19:12 ; 111,4 ; 2000,0 ; 6,5 ; 8,0 ; 8,5 ; 10,1 ; 7,8 ; 8,0 ; NOP
08/07/2020 ; 14:19:15 ; 111,4 ; 2000,0 ; 6,5 ; 8,1 ; 8,5 ; 10,1 ; 7,8 ; 8,0 ; NOP
08/07/2020 ; 14:19:18 ; 111,4 ; 2000,0 ; 6,5 ; 8,1 ; 8,5 ; 10,1 ; 7,8 ; 8,0 ; NOP
08/07/2020 ; 14:19:21 ; 111,0 ; 2000,0 ; 6,6 ; 8,1 ; 8,5 ; 10,1 ; 7,8 ; 8,0 ; NOP
08/07/2020 ; 14:19:24 ; 111,0 ; 2000,0 ; 6,6 ; 8,1 ; 8,5 ; 10,1 ; 7,9 ; 8,1 ; NOP
08/07/2020 ; 14:19:27 ; 111,0 ; 2000,0 ; 6,6 ; 8,1 ; 8,5 ; 10,1 ; 7,9 ; 8,1 ; NOP
08/07/2020 ; 14:19:30 ; 111,0 ; 2000,0 ; 6,6 ; 8,1 ; 8,5 ; 10,1 ; 7,9 ; 8,1 ; NOP
08/07/2020 ; 14:19:33 ; 110,7 ; 2000,0 ; 6,7 ; 8,1 ; 8,6 ; 10,1 ; 7,9 ; 8,1 ; NOP
08/07/2020 ; 14:19:36 ; 110,7 ; 2000,0 ; 6,7 ; 8,1 ; 8,6 ; 10,1 ; 7,9 ; 8,1 ; NOP
08/07/2020 ; 14:19:39 ; 110,7 ; 2000,0 ; 6,7 ; 8,1 ; 8,6 ; 10,1 ; 7,9 ; 8,1 ; NOP
08/07/2020 ; 14:19:42 ; 111,4 ; 2000,0 ; 6,7 ; 8,1 ; 8,6 ; 10,1 ; 7,9 ; 8,1 ; NOP
08/07/2020 ; 14:19:45 ; 111,4 ; 2000,0 ; 6,7 ; 8,2 ; 8,6 ; 10,2 ; 7,9 ; 8,1 ; NOP
08/07/2020 ; 14:19:48 ; 111,4 ; 2000,0 ; 6,7 ; 8,2 ; 8,6 ; 10,2 ; 8,0 ; 8,1 ; NOP
08/07/2020 ; 14:19:51 ; 111,4 ; 2000,0 ; 6,7 ; 8,2 ; 8,6 ; 10,2 ; 8,0 ; 8,1 ; NOP
08/07/2020 ; 14:19:54 ; 111,4 ; 2000,0 ; 6,7 ; 8,3 ; 8,6 ; 10,2 ; 8,0 ; 8,1 ; NOP
08/07/2020 ; 14:19:57 ; 111,4 ; 2000,0 ; 6,7 ; 8,3 ; 8,6 ; 10,2 ; 8,0 ; 8,2 ; NOP
08/07/2020 ; 14:20:00 ; 111,7 ; 2000,0 ; 6,7 ; 8,3 ; 8,6 ; 10,2 ; 8,0 ; 8,2 ; NOP
08/07/2020 ; 14:20:03 ; 111,7 ; 2000,0 ; 6,7 ; 8,3 ; 8,7 ; 10,2 ; 8,0 ; 8,2 ; NOP
08/07/2020 ; 14:20:06 ; 111,7 ; 2000,0 ; 6,7 ; 8,3 ; 8,7 ; 10,2 ; 8,0 ; 8,2 ; NOP
08/07/2020 ; 14:20:09 ; 111,7 ; 2000,0 ; 6,7 ; 8,3 ; 8,7 ; 10,2 ; 8,0 ; 8,2 ; NOP
08/07/2020 ; 14:20:12 ; 112,3 ; 2000,0 ; 6,7 ; 8,3 ; 8,7 ; 10,3 ; 8,1 ; 8,2 ; NOP
08/07/2020 ; 14:20:15 ; 112,3 ; 2000,0 ; 6,7 ; 8,3 ; 8,7 ; 10,3 ; 8,1 ; 8,2 ; NOP
08/07/2020 ; 14:20:18 ; 112,3 ; 2000,0 ; 6,7 ; 8,3 ; 8,7 ; 10,3 ; 8,1 ; 8,2 ; NOP
08/07/2020 ; 14:20:21 ; 111,7 ; 2000,0 ; 6,9 ; 8,3 ; 8,7 ; 10,3 ; 8,1 ; 8,2 ; NOP
08/07/2020 ; 14:20:24 ; 111,7 ; 2000,0 ; 6,9 ; 8,3 ; 8,7 ; 10,3 ; 8,1 ; 8,3 ; NOP
08/07/2020 ; 14:20:27 ; 111,7 ; 2000,0 ; 6,9 ; 8,3 ; 8,7 ; 10,3 ; 8,1 ; 8,3 ; NOP
08/07/2020 ; 14:20:30 ; 111,7 ; 2000,0 ; 6,9 ; 8,3 ; 8,7 ; 10,3 ; 8,1 ; 8,3 ; NOP
08/07/2020 ; 14:20:33 ; 111,7 ; 2000,0 ; 6,8 ; 8,3 ; 8,8 ; 10,4 ; 8,1 ; 8,3 ; NOP
08/07/2020 ; 14:20:36 ; 111,7 ; 2000,0 ; 6,8 ; 8,3 ; 8,8 ; 10,4 ; 8,1 ; 8,3 ; NOP
08/07/2020 ; 14:20:39 ; 111,7 ; 2000,0 ; 6,8 ; 8,3 ; 8,8 ; 10,4 ; 8,1 ; 8,3 ; NOP
08/07/2020 ; 14:20:42 ; 111,7 ; 2000,0 ; 6,9 ; 8,3 ; 8,8 ; 10,4 ; 8,1 ; 8,3 ; NOP
08/07/2020 ; 14:20:45 ; 111,7 ; 2000,0 ; 6,9 ; 8,4 ; 8,8 ; 10,4 ; 8,2 ; 8,3 ; NOP
08/07/2020 ; 14:20:48 ; 111,7 ; 2000,0 ; 6,9 ; 8,4 ; 8,8 ; 10,4 ; 8,2 ; 8,3 ; NOP
08/07/2020 ; 14:20:51 ; 111,7 ; 2000,0 ; 6,9 ; 8,4 ; 8,8 ; 10,4 ; 8,2 ; 8,3 ; NOP
08/07/2020 ; 14:20:54 ; 111,7 ; 2000,0 ; 7,0 ; 8,4 ; 8,9 ; 10,5 ; 8,3 ; 8,3 ; NOP
08/07/2020 ; 14:20:57 ; 111,7 ; 2000,0 ; 7,0 ; 8,4 ; 8,9 ; 10,5 ; 8,3 ; 8,4 ; NOP
08/07/2020 ; 14:21:00 ; 111,4 ; 2000,0 ; 7,0 ; 8,5 ; 8,9 ; 10,5 ; 8,3 ; 8,4 ; NOP
08/07/2020 ; 14:21:03 ; 111,4 ; 2000,0 ; 7,0 ; 8,5 ; 8,9 ; 10,5 ; 8,3 ; 8,4 ; NOP
08/07/2020 ; 14:21:06 ; 111,4 ; 2000,0 ; 7,0 ; 8,5 ; 8,9 ; 10,5 ; 8,3 ; 8,4 ; NOP
08/07/2020 ; 14:21:09 ; 111,4 ; 2000,0 ; 7,0 ; 8,5 ; 8,9 ; 10,5 ; 8,3 ; 8,4 ; NOP
08/07/2020 ; 14:21:12 ; 112,0 ; 2000,0 ; 7,1 ; 8,5 ; 8,9 ; 10,5 ; 8,3 ; 8,4 ; NOP
08/07/2020 ; 14:21:15 ; 112,0 ; 2000,0 ; 7,1 ; 8,5 ; 9,0 ; 10,6 ; 8,3 ; 8,4 ; NOP
08/07/2020 ; 14:21:18 ; 112,0 ; 2000,0 ; 7,1 ; 8,5 ; 9,0 ; 10,6 ; 8,3 ; 8,4 ; NOP
08/07/2020 ; 14:21:21 ; 111,7 ; 2000,0 ; 7,1 ; 8,5 ; 9,0 ; 10,6 ; 8,3 ; 8,4 ; NOP
08/07/2020 ; 14:21:24 ; 111,7 ; 2000,0 ; 7,1 ; 8,6 ; 9,0 ; 10,6 ; 8,3 ; 8,5 ; NOP
08/07/2020 ; 14:21:27 ; 111,7 ; 2000,0 ; 7,1 ; 8,6 ; 9,0 ; 10,6 ; 8,3 ; 8,5 ; NOP
08/07/2020 ; 14:21:30 ; 111,4 ; 2000,0 ; 7,1 ; 8,6 ; 9,0 ; 10,6 ; 8,3 ; 8,5 ; NOP
08/07/2020 ; 14:21:33 ; 111,4 ; 2000,0 ; 7,2 ; 8,6 ; 9,0 ; 10,7 ; 8,3 ; 8,5 ; NOP
08/07/2020 ; 14:21:36 ; 111,4 ; 2000,0 ; 7,2 ; 8,6 ; 9,0 ; 10,7 ; 8,4 ; 8,5 ; NOP
08/07/2020 ; 14:21:39 ; 111,0 ; 2000,0 ; 7,3 ; 8,7 ; 9,0 ; 10,7 ; 8,4 ; 8,5 ; NOP
08/07/2020 ; 14:21:42 ; 111,0 ; 2000,0 ; 7,3 ; 8,7 ; 9,1 ; 10,7 ; 8,4 ; 8,6 ; NOP
08/07/2020 ; 14:21:45 ; 111,0 ; 2000,0 ; 7,3 ; 8,7 ; 9,1 ; 10,7 ; 8,4 ; 8,6 ; NOP
08/07/2020 ; 14:21:48 ; 111,0 ; 2000,0 ; 7,3 ; 8,7 ; 9,1 ; 10,7 ; 8,4 ; 8,6 ; NOP
08/07/2020 ; 14:21:51 ; 112,3 ; 2000,0 ; 7,3 ; 8,7 ; 9,1 ; 10,8 ; 8,5 ; 8,6 ; NOP
08/07/2020 ; 14:21:54 ; 112,3 ; 2000,0 ; 7,3 ; 8,7 ; 9,1 ; 10,8 ; 8,5 ; 8,6 ; NOP
08/07/2020 ; 14:21:57 ; 112,3 ; 2000,0 ; 7,3 ; 8,7 ; 9,1 ; 10,8 ; 8,5 ; 8,6 ; NOP
08/07/2020 ; 14:22:00 ; 111,4 ; 2000,0 ; 7,3 ; 8,7 ; 9,1 ; 10,8 ; 8,5 ; 8,6 ; NOP
08/07/2020 ; 14:22:03 ; 111,4 ; 2000,0 ; 7,3 ; 8,8 ; 9,2 ; 10,8 ; 8,5 ; 8,6 ; NOP
08/07/2020 ; 14:22:06 ; 111,4 ; 2000,0 ; 7,3 ; 8,8 ; 9,2 ; 10,8 ; 8,5 ; 8,7 ; NOP
08/07/2020 ; 14:22:09 ; 111,7 ; 2000,0 ; 7,3 ; 8,8 ; 9,2 ; 10,8 ; 8,5 ; 8,7 ; NOP
08/07/2020 ; 14:22:12 ; 111,7 ; 2000,0 ; 7,3 ; 8,8 ; 9,2 ; 10,9 ; 8,5 ; 8,7 ; NOP
08/07/2020 ; 14:22:15 ; 111,7 ; 2000,0 ; 7,3 ; 8,8 ; 9,2 ; 10,9 ; 8,5 ; 8,7 ; NOP
08/07/2020 ; 14:22:18 ; 111,7 ; 2000,0 ; 7,3 ; 8,8 ; 9,2 ; 10,9 ; 8,5 ; 8,7 ; NOP
08/07/2020 ; 14:22:21 ; 112,3 ; 2000,0 ; 7,4 ; 8,9 ; 9,2 ; 10,9 ; 8,6 ; 8,8 ; NOP
08/07/2020 ; 14:22:24 ; 112,3 ; 2000,0 ; 7,4 ; 8,9 ; 9,2 ; 10,9 ; 8,6 ; 8,8 ; NOP
08/07/2020 ; 14:22:27 ; 112,3 ; 2000,0 ; 7,4 ; 8,9 ; 9,2 ; 10,9 ; 8,6 ; 8,8 ; NOP
08/07/2020 ; 14:22:30 ; 111,7 ; 2000,0 ; 7,4 ; 8,9 ; 9,2 ; 10,9 ; 8,6 ; 8,8 ; NOP
08/07/2020 ; 14:22:33 ; 111,7 ; 2000,0 ; 7,4 ; 8,9 ; 9,3 ; 10,9 ; 8,7 ; 8,8 ; NOP
08/07/2020 ; 14:22:36 ; 111,7 ; 2000,0 ; 7,4 ; 8,9 ; 9,3 ; 10,9 ; 8,7 ; 8,8 ; NOP
08/07/2020 ; 14:22:39 ; 111,7 ; 2000,0 ; 7,4 ; 8,9 ; 9,3 ; 10,9 ; 8,7 ; 8,8 ; NOP
08/07/2020 ; 14:22:42 ; 111,7 ; 2000,0 ; 7,4 ; 9,0 ; 9,3 ; 10,9 ; 8,7 ; 8,8 ; NOP
08/07/2020 ; 14:22:45 ; 111,7 ; 2000,0 ; 7,4 ; 9,0 ; 9,3 ; 10,9 ; 8,7 ; 8,9 ; NOP
08/07/2020 ; 14:22:48 ; 111,7 ; 2000,0 ; 7,4 ; 9,0 ; 9,3 ; 10,9 ; 8,7 ; 8,9 ; NOP
08/07/2020 ; 14:22:51 ; 111,7 ; 2000,0 ; 7,5 ; 9,0 ; 9,4 ; 10,9 ; 8,7 ; 8,9 ; NOP
08/07/2020 ; 14:22:54 ; 111,7 ; 2000,0 ; 7,5 ; 9,0 ; 9,4 ; 11,0 ; 8,8 ; 8,9 ; NOP
08/07/2020 ; 14:22:57 ; 111,7 ; 2000,0 ; 7,5 ; 9,0 ; 9,4 ; 11,0 ; 8,8 ; 8,9 ; NOP
08/07/2020 ; 14:23:00 ; 112,3 ; 2000,0 ; 7,6 ; 9,1 ; 9,4 ; 11,0 ; 8,8 ; 9,0 ; NOP
08/07/2020 ; 14:23:03 ; 112,3 ; 2000,0 ; 7,6 ; 9,1 ; 9,4 ; 11,0 ; 8,8 ; 9,0 ; NOP
08/07/2020 ; 14:23:06 ; 112,3 ; 2000,0 ; 7,6 ; 9,1 ; 9,4 ; 11,0 ; 8,8 ; 9,0 ; NOP
08/07/2020 ; 14:23:09 ; 112,3 ; 2000,0 ; 7,6 ; 9,1 ; 9,4 ; 11,0 ; 8,8 ; 9,0 ; NOP
08/07/2020 ; 14:23:12 ; 111,4 ; 2000,0 ; 7,6 ; 9,1 ; 9,4 ; 11,0 ; 8,8 ; 9,0 ; NOP
08/07/2020 ; 14:23:15 ; 111,4 ; 2000,0 ; 7,6 ; 9,2 ; 9,5 ; 11,0 ; 8,8 ; 9,0 ; NOP
08/07/2020 ; 14:23:18 ; 111,4 ; 2000,0 ; 7,6 ; 9,2 ; 9,5 ; 11,1 ; 8,9 ; 9,1 ; NOP
08/07/2020 ; 14:23:21 ; 111,0 ; 2000,0 ; 7,7 ; 9,2 ; 9,5 ; 11,1 ; 8,9 ; 9,1 ; NOP
08/07/2020 ; 14:23:24 ; 111,0 ; 2000,0 ; 7,7 ; 9,2 ; 9,5 ; 11,1 ; 8,9 ; 9,1 ; NOP
08/07/2020 ; 14:23:27 ; 111,0 ; 2000,0 ; 7,7 ; 9,2 ; 9,5 ; 11,1 ; 8,9 ; 9,1 ; NOP
08/07/2020 ; 14:23:30 ; 111,0 ; 2000,0 ; 7,7 ; 9,2 ; 9,5 ; 11,1 ; 8,9 ; 9,1 ; NOP
08/07/2020 ; 14:23:33 ; 111,7 ; 2000,0 ; 7,7 ; 9,2 ; 9,6 ; 11,2 ; 9,0 ; 9,1 ; NOP
08/07/2020 ; 14:23:36 ; 111,7 ; 2000,0 ; 7,7 ; 9,2 ; 9,6 ; 11,2 ; 9,0 ; 9,1 ; NOP
08/07/2020 ; 14:23:39 ; 111,7 ; 2000,0 ; 7,7 ; 9,2 ; 9,6 ; 11,2 ; 9,0 ; 9,1 ; NOP
08/07/2020 ; 14:23:42 ; 111,7 ; 2000,0 ; 7,8 ; 9,2 ; 9,6 ; 11,3 ; 9,0 ; 9,1 ; NOP
08/07/2020 ; 14:23:45 ; 111,7 ; 2000,0 ; 7,8 ; 9,2 ; 9,6 ; 11,3 ; 9,0 ; 9,2 ; NOP
08/07/2020 ; 14:23:48 ; 111,7 ; 2000,0 ; 7,8 ; 9,2 ; 9,6 ; 11,3 ; 9,0 ; 9,2 ; NOP
08/07/2020 ; 14:23:51 ; 111,4 ; 2000,0 ; 7,8 ; 9,3 ; 9,6 ; 11,3 ; 9,0 ; 9,2 ; NOP
08/07/2020 ; 14:23:54 ; 111,4 ; 2000,0 ; 7,8 ; 9,3 ; 9,7 ; 11,3 ; 9,1 ; 9,2 ; NOP
08/07/2020 ; 14:23:57 ; 111,4 ; 2000,0 ; 7,8 ; 9,3 ; 9,7 ; 11,3 ; 9,1 ; 9,2 ; NOP
08/07/2020 ; 14:24:00 ; 111,0 ; 2000,0 ; 7,8 ; 9,3 ; 9,7 ; 11,3 ; 9,1 ; 9,2 ; NOP
08/07/2020 ; 14:24:03 ; 111,0 ; 2000,0 ; 7,8 ; 9,3 ; 9,7 ; 11,3 ; 9,1 ; 9,2 ; NOP
08/07/2020 ; 14:24:06 ; 111,0 ; 2000,0 ; 7,8 ; 9,3 ; 9,7 ; 11,3 ; 9,1 ; 9,2 ; NOP
08/07/2020 ; 14:24:09 ; 111,7 ; 2000,0 ; 7,9 ; 9,4 ; 9,7 ; 11,3 ; 9,1 ; 9,2 ; NOP
08/07/2020 ; 14:24:12 ; 111,7 ; 2000,0 ; 7,9 ; 9,4 ; 9,8 ; 11,4 ; 9,2 ; 9,3 ; NOP
08/07/2020 ; 14:24:15 ; 111,7 ; 2000,0 ; 7,9 ; 9,4 ; 9,8 ; 11,4 ; 9,2 ; 9,3 ; NOP
08/07/2020 ; 14:24:18 ; 111,7 ; 2000,0 ; 7,9 ; 9,4 ; 9,8 ; 11,4 ; 9,2 ; 9,3 ; NOP
08/07/2020 ; 14:24:21 ; 111,7 ; 2000,0 ; 8,0 ; 9,4 ; 9,8 ; 11,4 ; 9,2 ; 9,3 ; NOP
08/07/2020 ; 14:24:24 ; 111,7 ; 2000,0 ; 8,0 ; 9,4 ; 9,8 ; 11,4 ; 9,2 ; 9,3 ; NOP
08/07/2020 ; 14:24:27 ; 111,7 ; 2000,0 ; 8,0 ; 9,4 ; 9,8 ; 11,4 ; 9,2 ; 9,3 ; NOP
08/07/2020 ; 14:24:30 ; 111,7 ; 2000,0 ; 8,0 ; 9,4 ; 9,8 ; 11,4 ; 9,2 ; 9,3 ; NOP
08/07/2020 ; 14:24:33 ; 111,7 ; 2000,0 ; 8,0 ; 9,5 ; 9,9 ; 11,5 ; 9,3 ; 9,4 ; NOP
08/07/2020 ; 14:24:36 ; 111,7 ; 2000,0 ; 8,0 ; 9,5 ; 9,9 ; 11,5 ; 9,3 ; 9,4 ; NOP
08/07/2020 ; 14:24:39 ; 111,7 ; 2000,0 ; 8,0 ; 9,5 ; 9,9 ; 11,5 ; 9,3 ; 9,4 ; NOP
08/07/2020 ; 14:24:42 ; 111,7 ; 2000,0 ; 8,0 ; 9,6 ; 9,9 ; 11,6 ; 9,3 ; 9,4 ; NOP
08/07/2020 ; 14:24:45 ; 111,7 ; 2000,0 ; 8,0 ; 9,6 ; 9,9 ; 11,6 ; 9,3 ; 9,4 ; NOP
08/07/2020 ; 14:24:48 ; 111,7 ; 2000,0 ; 8,0 ; 9,6 ; 9,9 ; 11,6 ; 9,3 ; 9,4 ; NOP
08/07/2020 ; 14:24:51 ; 111,7 ; 2000,0 ; 8,0 ; 9,6 ; 9,9 ; 11,6 ; 9,3 ; 9,4 ; NOP
08/07/2020 ; 14:24:54 ; 111,7 ; 2000,0 ; 8,1 ; 9,6 ; 10,0 ; 11,6 ; 9,4 ; 9,5 ; NOP
08/07/2020 ; 14:24:57 ; 111,7 ; 2000,0 ; 8,1 ; 9,6 ; 10,0 ; 11,6 ; 9,4 ; 9,5 ; NOP
08/07/2020 ; 14:25:00 ; 111,7 ; 2000,0 ; 8,1 ; 9,6 ; 10,0 ; 11,6 ; 9,4 ; 9,5 ; NOP
08/07/2020 ; 14:25:03 ; 111,7 ; 2000,0 ; 8,2 ; 9,7 ; 10,0 ; 11,6 ; 9,4 ; 9,5 ; NOP
08/07/2020 ; 14:25:06 ; 111,7 ; 2000,0 ; 8,2 ; 9,7 ; 10,0 ; 11,6 ; 9,4 ; 9,5 ; NOP
08/07/2020 ; 14:25:09 ; 111,7 ; 2000,0 ; 8,2 ; 9,7 ; 10,0 ; 11,6 ; 9,4 ; 9,5 ; NOP
08/07/2020 ; 14:25:12 ; 111,7 ; 2000,0 ; 8,2 ; 9,7 ; 10,0 ; 11,6 ; 9,4 ; 9,5 ; NOP
08/07/2020 ; 14:25:15 ; 111,7 ; 2000,0 ; 8,2 ; 9,7 ; 10,1 ; 11,6 ; 9,5 ; 9,6 ; NOP
08/07/2020 ; 14:25:18 ; 112,0 ; 2000,0 ; 8,2 ; 9,7 ; 10,1 ; 11,6 ; 9,5 ; 9,6 ; NOP
08/07/2020 ; 14:25:21 ; 112,0 ; 2000,0 ; 8,2 ; 9,7 ; 10,1 ; 11,7 ; 9,5 ; 9,7 ; NOP
08/07/2020 ; 14:25:24 ; 112,0 ; 2000,0 ; 8,2 ; 9,7 ; 10,1 ; 11,7 ; 9,5 ; 9,7 ; NOP
08/07/2020 ; 14:25:27 ; 112,0 ; 2000,0 ; 8,2 ; 9,7 ; 10,1 ; 11,7 ; 9,5 ; 9,7 ; NOP
08/07/2020 ; 14:25:30 ; 111,7 ; 2000,0 ; 8,2 ; 9,8 ; 10,1 ; 11,7 ; 9,6 ; 9,7 ; NOP
08/07/2020 ; 14:25:33 ; 111,7 ; 2000,0 ; 8,2 ; 9,8 ; 10,1 ; 11,7 ; 9,6 ; 9,7 ; NOP
08/07/2020 ; 14:25:36 ; 111,7 ; 2000,0 ; 8,2 ; 9,8 ; 10,1 ; 11,7 ; 9,6 ; 9,7 ; NOP
08/07/2020 ; 14:25:39 ; 111,7 ; 2000,0 ; 8,2 ; 9,8 ; 10,1 ; 11,7 ; 9,6 ; 9,7 ; NOP
08/07/2020 ; 14:25:42 ; 111,7 ; 2000,0 ; 8,4 ; 9,9 ; 10,2 ; 11,8 ; 9,6 ; 9,7 ; NOP
08/07/2020 ; 14:25:45 ; 111,7 ; 2000,0 ; 8,4 ; 9,9 ; 10,2 ; 11,8 ; 9,6 ; 9,7 ; NOP
08/07/2020 ; 14:25:48 ; 111,7 ; 2000,0 ; 8,4 ; 9,9 ; 10,2 ; 11,8 ; 9,6 ; 9,7 ; NOP
08/07/2020 ; 14:25:51 ; 111,7 ; 2000,0 ; 8,4 ; 9,9 ; 10,2 ; 11,8 ; 9,6 ; 9,7 ; NOP
08/07/2020 ; 14:25:54 ; 111,7 ; 2000,0 ; 8,4 ; 9,9 ; 10,2 ; 11,8 ; 9,7 ; 9,8 ; NOP
08/07/2020 ; 14:25:57 ; 111,7 ; 2000,0 ; 8,4 ; 9,9 ; 10,2 ; 11,8 ; 9,7 ; 9,8 ; NOP
08/07/2020 ; 14:26:00 ; 111,4 ; 2000,0 ; 8,4 ; 9,9 ; 10,2 ; 11,8 ; 9,7 ; 9,8 ; NOP
08/07/2020 ; 14:26:03 ; 111,4 ; 2000,0 ; 8,4 ; 10,0 ; 10,3 ; 11,8 ; 9,7 ; 9,8 ; NOP
08/07/2020 ; 14:26:06 ; 111,4 ; 2000,0 ; 8,4 ; 10,0 ; 10,3 ; 11,9 ; 9,7 ; 9,9 ; NOP
08/07/2020 ; 14:26:09 ; 111,0 ; 2000,0 ; 8,4 ; 10,0 ; 10,3 ; 11,9 ; 9,7 ; 9,9 ; NOP
08/07/2020 ; 14:26:12 ; 111,0 ; 2000,0 ; 8,4 ; 10,0 ; 10,3 ; 11,9 ; 9,8 ; 9,9 ; NOP
08/07/2020 ; 14:26:15 ; 111,0 ; 2000,0 ; 8,4 ; 10,0 ; 10,3 ; 11,9 ; 9,8 ; 9,9 ; NOP
08/07/2020 ; 14:26:18 ; 111,0 ; 2000,0 ; 8,4 ; 10,0 ; 10,3 ; 11,9 ; 9,8 ; 9,9 ; NOP
08/07/2020 ; 14:26:21 ; 110,7 ; 2000,0 ; 8,5 ; 10,1 ; 10,4 ; 11,9 ; 9,8 ; 9,9 ; NOP
08/07/2020 ; 14:26:24 ; 110,7 ; 2000,0 ; 8,5 ; 10,1 ; 10,4 ; 11,9 ; 9,9 ; 9,9 ; NOP
08/07/2020 ; 14:26:27 ; 110,7 ; 2000,0 ; 8,5 ; 10,1 ; 10,4 ; 11,9 ; 9,9 ; 9,9 ; NOP
08/07/2020 ; 14:26:30 ; 110,7 ; 2000,0 ; 8,5 ; 10,1 ; 10,4 ; 11,9 ; 9,9 ; 9,9 ; NOP
08/07/2020 ; 14:26:33 ; 110,7 ; 2000,0 ; 8,6 ; 10,1 ; 10,4 ; 12,0 ; 9,9 ; 10,0 ; NOP
08/07/2020 ; 14:26:36 ; 110,7 ; 2000,0 ; 8,6 ; 10,1 ; 10,4 ; 12,0 ; 9,9 ; 10,0 ; NOP
08/07/2020 ; 14:26:39 ; 110,7 ; 2000,0 ; 8,6 ; 10,1 ; 10,4 ; 12,0 ; 9,9 ; 10,0 ; NOP
08/07/2020 ; 14:26:42 ; 111,0 ; 2000,0 ; 8,6 ; 10,1 ; 10,5 ; 12,1 ; 9,9 ; 10,0 ; NOP
08/07/2020 ; 14:26:45 ; 111,0 ; 2000,0 ; 8,6 ; 10,1 ; 10,5 ; 12,1 ; 9,9 ; 10,0 ; NOP
08/07/2020 ; 14:26:48 ; 111,0 ; 2000,0 ; 8,6 ; 10,1 ; 10,5 ; 12,1 ; 9,9 ; 10,0 ; NOP
08/07/2020 ; 14:26:51 ; 111,7 ; 2000,0 ; 8,6 ; 10,1 ; 10,5 ; 12,1 ; 9,9 ; 10,0 ; NOP
08/07/2020 ; 14:26:54 ; 111,7 ; 2000,0 ; 8,6 ; 10,2 ; 10,5 ; 12,1 ; 10,0 ; 10,1 ; NOP
08/07/2020 ; 14:26:57 ; 111,7 ; 2000,0 ; 8,6 ; 10,2 ; 10,5 ; 12,1 ; 10,0 ; 10,1 ; NOP
08/07/2020 ; 14:27:00 ; 111,7 ; 2000,0 ; 8,6 ; 10,2 ; 10,5 ; 12,1 ; 10,0 ; 10,1 ; NOP
08/07/2020 ; 14:27:03 ; 111,4 ; 2000,0 ; 8,8 ; 10,2 ; 10,5 ; 12,1 ; 10,0 ; 10,1 ; NOP
08/07/2020 ; 14:27:06 ; 111,4 ; 2000,0 ; 8,8 ; 10,3 ; 10,6 ; 12,2 ; 10,1 ; 10,1 ; NOP
08/07/2020 ; 14:27:09 ; 111,4 ; 2000,0 ; 8,8 ; 10,3 ; 10,6 ; 12,2 ; 10,1 ; 10,1 ; NOP
08/07/2020 ; 14:27:12 ; 111,7 ; 2000,0 ; 8,8 ; 10,3 ; 10,7 ; 12,2 ; 10,1 ; 10,1 ; NOP
08/07/2020 ; 14:27:15 ; 111,7 ; 2000,0 ; 8,8 ; 10,3 ; 10,7 ; 12,2 ; 10,1 ; 10,2 ; NOP
08/07/2020 ; 14:27:18 ; 111,7 ; 2000,0 ; 8,8 ; 10,3 ; 10,7 ; 12,2 ; 10,1 ; 10,2 ; NOP
08/07/2020 ; 14:27:21 ; 111,4 ; 2000,0 ; 8,8 ; 10,3 ; 10,7 ; 12,2 ; 10,1 ; 10,2 ; NOP
08/07/2020 ; 14:27:24 ; 111,4 ; 2000,0 ; 8,8 ; 10,4 ; 10,7 ; 12,2 ; 10,1 ; 10,2 ; NOP
08/07/2020 ; 14:27:27 ; 111,4 ; 2000,0 ; 8,8 ; 10,4 ; 10,7 ; 12,2 ; 10,1 ; 10,2 ; NOP
08/07/2020 ; 14:27:30 ; 111,7 ; 2000,0 ; 8,8 ; 10,4 ; 10,7 ; 12,2 ; 10,1 ; 10,2 ; NOP
08/07/2020 ; 14:27:33 ; 111,7 ; 2000,0 ; 8,8 ; 10,4 ; 10,7 ; 12,3 ; 10,1 ; 10,3 ; NOP
08/07/2020 ; 14:27:36 ; 111,7 ; 2000,0 ; 8,8 ; 10,4 ; 10,7 ; 12,3 ; 10,1 ; 10,3 ; NOP
08/07/2020 ; 14:27:39 ; 111,7 ; 2000,0 ; 8,8 ; 10,4 ; 10,7 ; 12,3 ; 10,1 ; 10,3 ; NOP
08/07/2020 ; 14:27:42 ; 111,7 ; 2000,0 ; 8,8 ; 10,4 ; 10,8 ; 12,3 ; 10,1 ; 10,3 ; NOP
08/07/2020 ; 14:27:45 ; 111,7 ; 2000,0 ; 8,8 ; 10,4 ; 10,8 ; 12,3 ; 10,2 ; 10,3 ; NOP
08/07/2020 ; 14:27:48 ; 111,7 ; 2000,0 ; 8,8 ; 10,4 ; 10,8 ; 12,3 ; 10,2 ; 10,3 ; NOP
08/07/2020 ; 14:27:51 ; 111,7 ; 2000,0 ; 8,8 ; 10,4 ; 10,8 ; 12,3 ; 10,2 ; 10,3 ; NOP
08/07/2020 ; 14:27:54 ; 111,7 ; 2000,0 ; 8,8 ; 10,4 ; 10,8 ; 12,3 ; 10,2 ; 10,3 ; NOP
08/07/2020 ; 14:27:57 ; 111,4 ; 2000,0 ; 8,8 ; 10,4 ; 10,8 ; 12,3 ; 10,2 ; 10,3 ; NOP
08/07/2020 ; 14:28:00 ; 111,4 ; 2000,0 ; 9,0 ; 10,5 ; 10,9 ; 12,4 ; 10,2 ; 10,3 ; NOP
08/07/2020 ; 14:28:03 ; 111,4 ; 2000,0 ; 9,0 ; 10,5 ; 10,9 ; 12,4 ; 10,3 ; 10,4 ; NOP
08/07/2020 ; 14:28:06 ; 111,0 ; 2000,0 ; 9,0 ; 10,6 ; 10,9 ; 12,4 ; 10,3 ; 10,4 ; NOP
08/07/2020 ; 14:28:09 ; 111,0 ; 2000,0 ; 9,0 ; 10,6 ; 10,9 ; 12,4 ; 10,3 ; 10,4 ; NOP
08/07/2020 ; 14:28:12 ; 111,0 ; 2000,0 ; 9,0 ; 10,6 ; 10,9 ; 12,4 ; 10,3 ; 10,4 ; NOP
08/07/2020 ; 14:28:15 ; 111,7 ; 2000,0 ; 9,0 ; 10,6 ; 10,9 ; 12,4 ; 10,3 ; 10,4 ; NOP
08/07/2020 ; 14:28:18 ; 111,7 ; 2000,0 ; 9,0 ; 10,6 ; 10,9 ; 12,4 ; 10,4 ; 10,5 ; NOP
08/07/2020 ; 14:28:21 ; 111,7 ; 2000,0 ; 9,0 ; 10,6 ; 10,9 ; 12,4 ; 10,4 ; 10,5 ; NOP
08/07/2020 ; 14:28:24 ; 111,4 ; 2000,0 ; 9,0 ; 10,6 ; 10,9 ; 12,4 ; 10,4 ; 10,5 ; NOP
08/07/2020 ; 14:28:27 ; 111,4 ; 2000,0 ; 9,0 ; 10,7 ; 11,0 ; 12,4 ; 10,4 ; 10,5 ; NOP
08/07/2020 ; 14:28:30 ; 111,4 ; 2000,0 ; 9,0 ; 10,7 ; 11,0 ; 12,4 ; 10,4 ; 10,5 ; NOP
08/07/2020 ; 14:28:33 ; 111,7 ; 2000,0 ; 9,0 ; 10,7 ; 11,0 ; 12,4 ; 10,4 ; 10,5 ; NOP
08/07/2020 ; 14:28:36 ; 111,7 ; 2000,0 ; 9,0 ; 10,7 ; 11,0 ; 12,5 ; 10,5 ; 10,6 ; NOP
08/07/2020 ; 14:28:39 ; 111,7 ; 2000,0 ; 9,0 ; 10,7 ; 11,0 ; 12,5 ; 10,5 ; 10,6 ; NOP
08/07/2020 ; 14:28:42 ; 111,4 ; 2000,0 ; 9,2 ; 10,7 ; 11,0 ; 12,5 ; 10,5 ; 10,6 ; NOP
08/07/2020 ; 14:28:45 ; 111,4 ; 2000,0 ; 9,2 ; 10,7 ; 11,1 ; 12,5 ; 10,5 ; 10,6 ; NOP
08/07/2020 ; 14:28:48 ; 111,4 ; 2000,0 ; 9,2 ; 10,7 ; 11,1 ; 12,5 ; 10,5 ; 10,6 ; NOP
08/07/2020 ; 14:28:51 ; 111,7 ; 2000,0 ; 9,2 ; 10,8 ; 11,1 ; 12,5 ; 10,5 ; 10,6 ; NOP
08/07/2020 ; 14:28:54 ; 111,7 ; 2000,0 ; 9,2 ; 10,8 ; 11,1 ; 12,5 ; 10,5 ; 10,6 ; NOP
08/07/2020 ; 14:28:57 ; 111,7 ; 2000,0 ; 9,2 ; 10,8 ; 11,1 ; 12,5 ; 10,5 ; 10,6 ; NOP
08/07/2020 ; 14:29:00 ; 112,3 ; 2000,0 ; 9,2 ; 10,8 ; 11,1 ; 12,5 ; 10,5 ; 10,6 ; NOP
08/07/2020 ; 14:29:03 ; 112,3 ; 2000,0 ; 9,2 ; 10,8 ; 11,1 ; 12,6 ; 10,6 ; 10,7 ; NOP
08/07/2020 ; 14:29:06 ; 112,3 ; 2000,0 ; 9,2 ; 10,8 ; 11,1 ; 12,6 ; 10,6 ; 10,7 ; NOP
08/07/2020 ; 14:29:09 ; 112,3 ; 2000,0 ; 9,2 ; 10,8 ; 11,1 ; 12,6 ; 10,6 ; 10,7 ; NOP
08/07/2020 ; 14:29:12 ; 111,7 ; 2000,0 ; 9,2 ; 10,9 ; 11,1 ; 12,6 ; 10,6 ; 10,7 ; NOP
08/07/2020 ; 14:29:15 ; 111,7 ; 2000,0 ; 9,2 ; 10,9 ; 11,1 ; 12,6 ; 10,6 ; 10,7 ; NOP
08/07/2020 ; 14:29:18 ; 111,7 ; 2000,0 ; 9,2 ; 10,9 ; 11,1 ; 12,6 ; 10,6 ; 10,7 ; NOP
08/07/2020 ; 14:29:21 ; 111,7 ; 2000,0 ; 9,2 ; 10,9 ; 11,1 ; 12,6 ; 10,6 ; 10,7 ; NOP
08/07/2020 ; 14:29:24 ; 111,7 ; 2000,0 ; 9,3 ; 10,9 ; 11,2 ; 12,7 ; 10,7 ; 10,8 ; NOP
08/07/2020 ; 14:29:27 ; 111,7 ; 2000,0 ; 9,3 ; 10,9 ; 11,2 ; 12,7 ; 10,7 ; 10,8 ; NOP
08/07/2020 ; 14:29:30 ; 111,7 ; 2000,0 ; 9,3 ; 10,9 ; 11,2 ; 12,7 ; 10,7 ; 10,8 ; NOP
08/07/2020 ; 14:29:33 ; 112,0 ; 2000,0 ; 9,3 ; 10,9 ; 11,3 ; 12,7 ; 10,7 ; 10,8 ; NOP
08/07/2020 ; 14:29:36 ; 112,0 ; 2000,0 ; 9,3 ; 10,9 ; 11,3 ; 12,7 ; 10,7 ; 10,8 ; NOP
08/07/2020 ; 14:29:39 ; 112,0 ; 2000,0 ; 9,3 ; 10,9 ; 11,3 ; 12,7 ; 10,7 ; 10,8 ; NOP
08/07/2020 ; 14:29:42 ; 111,7 ; 2000,0 ; 9,3 ; 10,9 ; 11,3 ; 12,7 ; 10,7 ; 10,8 ; NOP
08/07/2020 ; 14:29:45 ; 111,7 ; 2000,0 ; 9,4 ; 11,0 ; 11,3 ; 12,8 ; 10,8 ; 10,9 ; NOP
08/07/2020 ; 14:29:48 ; 111,7 ; 2000,0 ; 9,4 ; 11,0 ; 11,3 ; 12,8 ; 10,8 ; 10,9 ; NOP
08/07/2020 ; 14:29:51 ; 111,7 ; 2000,0 ; 9,4 ; 11,0 ; 11,3 ; 12,8 ; 10,8 ; 10,9 ; NOP
08/07/2020 ; 14:29:54 ; 111,7 ; 2000,0 ; 9,4 ; 11,0 ; 11,3 ; 12,8 ; 10,8 ; 10,9 ; NOP
08/07/2020 ; 14:29:57 ; 111,7 ; 2000,0 ; 9,4 ; 11,0 ; 11,3 ; 12,8 ; 10,8 ; 10,9 ; NOP
08/07/2020 ; 14:30:00 ; 111,7 ; 2000,0 ; 9,4 ; 11,0 ; 11,4 ; 12,9 ; 10,8 ; 10,9 ; NOP
08/07/2020 ; 14:30:03 ; 111,7 ; 2000,0 ; 9,4 ; 11,0 ; 11,4 ; 12,9 ; 10,9 ; 10,9 ; NOP
08/07/2020 ; 14:30:06 ; 111,7 ; 2000,0 ; 9,4 ; 11,0 ; 11,4 ; 12,9 ; 10,9 ; 10,9 ; NOP
08/07/2020 ; 14:30:09 ; 111,7 ; 2000,0 ; 9,4 ; 11,0 ; 11,4 ; 12,9 ; 10,9 ; 10,9 ; NOP
08/07/2020 ; 14:30:12 ; 111,7 ; 2000,0 ; 9,5 ; 11,1 ; 11,4 ; 12,9 ; 10,9 ; 10,9 ; NOP
08/07/2020 ; 14:30:15 ; 111,7 ; 2000,0 ; 9,5 ; 11,1 ; 11,4 ; 12,9 ; 10,9 ; 10,9 ; NOP
08/07/2020 ; 14:30:18 ; 111,7 ; 2000,0 ; 9,5 ; 11,1 ; 11,4 ; 12,9 ; 10,9 ; 10,9 ; NOP
08/07/2020 ; 14:30:21 ; 112,0 ; 2000,0 ; 9,6 ; 11,1 ; 11,5 ; 13,0 ; 10,9 ; 10,9 ; NOP
08/07/2020 ; 14:30:24 ; 112,0 ; 2000,0 ; 9,6 ; 11,1 ; 11,5 ; 13,0 ; 10,9 ; 11,0 ; NOP
08/07/2020 ; 14:30:27 ; 112,0 ; 2000,0 ; 9,6 ; 11,1 ; 11,5 ; 13,0 ; 10,9 ; 11,0 ; NOP
08/07/2020 ; 14:30:30 ; 111,7 ; 2000,0 ; 9,6 ; 11,1 ; 11,5 ; 13,0 ; 10,9 ; 11,0 ; NOP
08/07/2020 ; 14:30:33 ; 111,7 ; 2000,0 ; 9,6 ; 11,2 ; 11,5 ; 13,0 ; 11,0 ; 11,0 ; NOP
08/07/2020 ; 14:30:36 ; 111,7 ; 2000,0 ; 9,6 ; 11,2 ; 11,5 ; 13,0 ; 11,0 ; 11,0 ; NOP
08/07/2020 ; 14:30:39 ; 111,7 ; 2000,0 ; 9,6 ; 11,2 ; 11,5 ; 13,0 ; 11,0 ; 11,0 ; NOP
08/07/2020 ; 14:30:42 ; 109,8 ; 2000,0 ; 9,6 ; 11,2 ; 11,6 ; 13,0 ; 11,0 ; 11,0 ; NOP
08/07/2020 ; 14:30:45 ; 109,8 ; 2000,0 ; 9,6 ; 11,2 ; 11,6 ; 13,0 ; 11,0 ; 11,1 ; NOP
08/07/2020 ; 14:30:48 ; 109,8 ; 2000,0 ; 9,6 ; 11,2 ; 11,6 ; 13,0 ; 11,0 ; 11,1 ; NOP
08/07/2020 ; 14:30:51 ; 109,8 ; 2000,0 ; 9,6 ; 11,2 ; 11,6 ; 13,0 ; 11,0 ; 11,1 ; NOP
08/07/2020 ; 14:30:54 ; 111,0 ; 2000,0 ; 9,6 ; 11,3 ; 11,6 ; 13,1 ; 11,0 ; 11,1 ; NOP
08/07/2020 ; 14:30:57 ; 111,0 ; 2000,0 ; 9,6 ; 11,3 ; 11,6 ; 13,1 ; 11,0 ; 11,1 ; NOP
08/07/2020 ; 14:31:00 ; 111,0 ; 2000,0 ; 9,6 ; 11,3 ; 11,6 ; 13,1 ; 11,0 ; 11,1 ; NOP
08/07/2020 ; 14:31:03 ; 111,4 ; 2000,0 ; 9,6 ; 11,3 ; 11,6 ; 13,1 ; 11,0 ; 11,1 ; NOP
08/07/2020 ; 14:31:06 ; 111,4 ; 2000,0 ; 9,7 ; 11,3 ; 11,6 ; 13,1 ; 11,0 ; 11,1 ; NOP
08/07/2020 ; 14:31:09 ; 111,4 ; 2000,0 ; 9,7 ; 11,3 ; 11,6 ; 13,1 ; 11,1 ; 11,2 ; NOP
08/07/2020 ; 14:31:12 ; 111,0 ; 2000,0 ; 9,8 ; 11,3 ; 11,6 ; 13,1 ; 11,1 ; 11,2 ; NOP
08/07/2020 ; 14:31:15 ; 111,0 ; 2000,0 ; 9,8 ; 11,3 ; 11,6 ; 13,1 ; 11,1 ; 11,2 ; NOP
08/07/2020 ; 14:31:18 ; 111,0 ; 2000,0 ; 9,8 ; 11,3 ; 11,6 ; 13,1 ; 11,1 ; 11,2 ; NOP
08/07/2020 ; 14:31:21 ; 111,0 ; 2000,0 ; 9,8 ; 11,3 ; 11,6 ; 13,1 ; 11,1 ; 11,2 ; NOP
08/07/2020 ; 14:31:24 ; 111,4 ; 2000,0 ; 9,8 ; 11,4 ; 11,6 ; 13,1 ; 11,1 ; 11,2 ; NOP
08/07/2020 ; 14:31:27 ; 111,4 ; 2000,0 ; 9,8 ; 11,4 ; 11,7 ; 13,1 ; 11,2 ; 11,3 ; NOP
08/07/2020 ; 14:31:30 ; 111,7 ; 2000,0 ; 9,8 ; 11,4 ; 11,7 ; 13,1 ; 11,2 ; 11,3 ; NOP
08/07/2020 ; 14:31:33 ; 111,7 ; 2000,0 ; 9,8 ; 11,4 ; 11,7 ; 13,2 ; 11,2 ; 11,3 ; NOP
08/07/2020 ; 14:31:36 ; 111,7 ; 2000,0 ; 9,8 ; 11,4 ; 11,7 ; 13,2 ; 11,2 ; 11,3 ; NOP
08/07/2020 ; 14:31:39 ; 111,7 ; 2000,0 ; 9,8 ; 11,4 ; 11,7 ; 13,2 ; 11,2 ; 11,3 ; NOP
08/07/2020 ; 14:31:42 ; 111,0 ; 2000,0 ; 9,8 ; 11,5 ; 11,8 ; 13,2 ; 11,2 ; 11,3 ; NOP
08/07/2020 ; 14:31:45 ; 111,0 ; 2000,0 ; 9,8 ; 11,5 ; 11,8 ; 13,2 ; 11,3 ; 11,3 ; NOP
08/07/2020 ; 14:31:48 ; 111,0 ; 2000,0 ; 9,8 ; 11,5 ; 11,8 ; 13,2 ; 11,3 ; 11,3 ; NOP
08/07/2020 ; 14:31:51 ; 111,0 ; 2000,0 ; 9,8 ; 11,5 ; 11,8 ; 13,2 ; 11,3 ; 11,3 ; NOP
08/07/2020 ; 14:31:54 ; 110,4 ; 2000,0 ; 9,9 ; 11,5 ; 11,8 ; 13,3 ; 11,3 ; 11,4 ; NOP
08/07/2020 ; 14:31:57 ; 110,4 ; 2000,0 ; 9,9 ; 11,5 ; 11,8 ; 13,3 ; 11,3 ; 11,4 ; NOP
08/07/2020 ; 14:32:00 ; 110,4 ; 2000,0 ; 9,9 ; 11,5 ; 11,8 ; 13,3 ; 11,3 ; 11,4 ; NOP
08/07/2020 ; 14:32:03 ; 111,0 ; 2000,0 ; 10,0 ; 11,6 ; 11,8 ; 13,3 ; 11,3 ; 11,4 ; NOP
08/07/2020 ; 14:32:06 ; 111,0 ; 2000,0 ; 10,0 ; 11,6 ; 11,9 ; 13,3 ; 11,4 ; 11,4 ; NOP
08/07/2020 ; 14:32:09 ; 111,0 ; 2000,0 ; 10,0 ; 11,6 ; 11,9 ; 13,3 ; 11,4 ; 11,4 ; NOP
08/07/2020 ; 14:32:12 ; 111,0 ; 2000,0 ; 10,0 ; 11,6 ; 11,9 ; 13,3 ; 11,4 ; 11,4 ; NOP
08/07/2020 ; 14:32:15 ; 111,0 ; 2000,0 ; 10,0 ; 11,6 ; 11,9 ; 13,3 ; 11,4 ; 11,4 ; NOP
08/07/2020 ; 14:32:18 ; 111,0 ; 2000,0 ; 10,0 ; 11,6 ; 11,9 ; 13,3 ; 11,4 ; 11,4 ; NOP
08/07/2020 ; 14:32:21 ; 111,0 ; 2000,0 ; 10,4 ; 11,9 ; 12,8 ; 13,6 ; 11,9 ; 11,6 ; NOP
08/07/2020 ; 14:32:24 ; 111,0 ; 2000,0 ; 10,4 ; 11,9 ; 12,8 ; 13,6 ; 11,9 ; 11,6 ; NOP
08/07/2020 ; 14:32:27 ; 111,0 ; 2000,0 ; 10,4 ; 11,9 ; 12,8 ; 13,6 ; 11,9 ; 11,6 ; NOP
08/07/2020 ; 14:32:30 ; 111,0 ; 2000,0 ; 11,5 ; 12,9 ; 14,5 ; 13,6 ; 11,9 ; 11,6 ; NOP
08/07/2020 ; 14:32:33 ; 111,0 ; 2000,0 ; 11,5 ; 12,9 ; 14,5 ; 14,5 ; 13,2 ; 12,1 ; NOP
08/07/2020 ; 14:32:36 ; 111,0 ; 2000,0 ; 11,5 ; 12,9 ; 14,5 ; 14,5 ; 13,2 ; 12,1 ; NOP
08/07/2020 ; 14:32:39 ; 111,0 ; 2000,0 ; 11,5 ; 12,9 ; 14,5 ; 14,5 ; 13,2 ; 12,1 ; NOP
08/07/2020 ; 14:32:42 ; 110,7 ; 2000,0 ; 12,4 ; 13,7 ; 15,3 ; 15,4 ; 14,1 ; 12,8 ; NOP
08/07/2020 ; 14:32:45 ; 110,7 ; 2000,0 ; 12,4 ; 13,7 ; 15,3 ; 15,4 ; 14,1 ; 12,8 ; NOP
08/07/2020 ; 14:32:48 ; 110,7 ; 2000,0 ; 12,4 ; 13,7 ; 15,3 ; 15,4 ; 14,1 ; 12,8 ; NOP
08/07/2020 ; 14:32:51 ; 110,7 ; 2000,0 ; 13,1 ; 14,1 ; 15,3 ; 15,4 ; 14,1 ; 12,8 ; NOP
08/07/2020 ; 14:32:54 ; 110,7 ; 2000,0 ; 13,1 ; 14,1 ; 15,4 ; 15,9 ; 14,3 ; 13,2 ; NOP
08/07/2020 ; 14:32:57 ; 110,7 ; 2000,0 ; 13,1 ; 14,1 ; 15,4 ; 15,9 ; 14,3 ; 13,2 ; NOP
08/07/2020 ; 14:33:00 ; 110,7 ; 2000,0 ; 13,1 ; 14,1 ; 15,4 ; 15,9 ; 14,3 ; 13,2 ; NOP
08/07/2020 ; 14:33:03 ; 109,8 ; 2000,0 ; 13,7 ; 14,4 ; 15,4 ; 16,1 ; 14,6 ; 13,7 ; NOP
08/07/2020 ; 14:33:06 ; 109,8 ; 2000,0 ; 13,7 ; 14,4 ; 15,4 ; 16,1 ; 14,6 ; 13,7 ; NOP
08/07/2020 ; 14:33:09 ; 109,8 ; 2000,0 ; 13,7 ; 14,4 ; 15,4 ; 16,1 ; 14,6 ; 13,7 ; NOP
08/07/2020 ; 14:33:12 ; 110,7 ; 2000,0 ; 14,3 ; 14,7 ; 15,4 ; 16,1 ; 14,6 ; 13,7 ; NOP
08/07/2020 ; 14:33:15 ; 110,7 ; 2000,0 ; 14,3 ; 14,7 ; 15,7 ; 16,4 ; 14,9 ; 14,1 ; NOP
08/07/2020 ; 14:33:18 ; 110,7 ; 2000,0 ; 14,3 ; 14,7 ; 15,7 ; 16,4 ; 14,9 ; 14,1 ; NOP
08/07/2020 ; 14:33:21 ; 110,7 ; 2000,0 ; 14,3 ; 14,7 ; 15,7 ; 16,4 ; 14,9 ; 14,1 ; NOP
08/07/2020 ; 14:33:24 ; 110,4 ; 2000,0 ; 14,7 ; 15,1 ; 16,0 ; 16,6 ; 15,1 ; 14,5 ; NOP
08/07/2020 ; 14:33:27 ; 110,4 ; 2000,0 ; 14,7 ; 15,1 ; 16,0 ; 16,6 ; 15,1 ; 14,5 ; NOP
08/07/2020 ; 14:33:30 ; 110,4 ; 2000,0 ; 14,9 ; 15,2 ; 16,1 ; 16,8 ; 15,3 ; 14,6 ; NOP
08/07/2020 ; 14:33:33 ; 110,4 ; 2000,0 ; 14,9 ; 15,2 ; 16,1 ; 16,8 ; 15,3 ; 14,6 ; NOP
08/07/2020 ; 14:33:36 ; 110,4 ; 2000,0 ; 14,9 ; 15,2 ; 16,1 ; 16,8 ; 15,3 ; 14,6 ; NOP
08/07/2020 ; 14:33:39 ; 119,9 ; 2000,0 ; 15,4 ; 15,3 ; 16,1 ; 16,8 ; 15,3 ; 14,6 ; NOP
08/07/2020 ; 14:33:42 ; 119,9 ; 2000,0 ; 15,4 ; 15,3 ; 16,0 ; 17,0 ; 15,4 ; 14,8 ; NOP
08/07/2020 ; 14:33:45 ; 119,9 ; 2000,0 ; 15,4 ; 15,3 ; 16,0 ; 17,0 ; 15,4 ; 14,8 ; NOP
08/07/2020 ; 14:33:48 ; 119,9 ; 2000,0 ; 15,4 ; 15,3 ; 16,0 ; 17,0 ; 15,4 ; 14,8 ; NOP
08/07/2020 ; 14:33:51 ; 111,0 ; 2000,0 ; 15,9 ; 16,1 ; 16,3 ; 17,9 ; 16,1 ; 15,3 ; NOP
08/07/2020 ; 14:33:54 ; 111,0 ; 2000,0 ; 15,9 ; 16,1 ; 16,3 ; 17,9 ; 16,1 ; 15,3 ; NOP
08/07/2020 ; 14:33:57 ; 111,0 ; 2000,0 ; 15,9 ; 16,1 ; 16,3 ; 17,9 ; 16,1 ; 15,3 ; NOP
08/07/2020 ; 14:34:00 ; 111,7 ; 2000,0 ; 16,2 ; 16,8 ; 16,3 ; 17,9 ; 16,1 ; 15,3 ; NOP
08/07/2020 ; 14:34:03 ; 111,7 ; 2000,0 ; 16,2 ; 16,8 ; 16,8 ; 18,6 ; 16,5 ; 15,7 ; NOP
08/07/2020 ; 14:34:06 ; 111,7 ; 2000,0 ; 16,2 ; 16,8 ; 16,8 ; 18,6 ; 16,5 ; 15,7 ; NOP
08/07/2020 ; 14:34:09 ; 111,7 ; 2000,0 ; 16,2 ; 16,8 ; 16,8 ; 18,6 ; 16,5 ; 15,7 ; NOP
08/07/2020 ; 14:34:12 ; 114,2 ; 2000,0 ; 16,3 ; 17,1 ; 16,9 ; 18,9 ; 16,7 ; 15,9 ; NOP
08/07/2020 ; 14:34:15 ; 114,2 ; 2000,0 ; 16,3 ; 17,1 ; 16,9 ; 18,9 ; 16,7 ; 15,9 ; NOP
08/07/2020 ; 14:34:18 ; 114,2 ; 2000,0 ; 16,3 ; 17,1 ; 16,9 ; 18,9 ; 16,7 ; 15,9 ; NOP
08/07/2020 ; 14:34:21 ; 114,2 ; 2000,0 ; 16,5 ; 17,1 ; 16,9 ; 18,9 ; 16,7 ; 15,9 ; NOP
08/07/2020 ; 14:34:24 ; 114,2 ; 2000,0 ; 16,5 ; 17,2 ; 16,9 ; 19,1 ; 16,8 ; 16,1 ; NOP
08/07/2020 ; 14:34:27 ; 114,2 ; 2000,0 ; 16,5 ; 17,2 ; 16,9 ; 19,1 ; 16,8 ; 16,1 ; NOP
08/07/2020 ; 14:34:30 ; 114,2 ; 2000,0 ; 16,5 ; 17,2 ; 16,9 ; 19,1 ; 16,8 ; 16,1 ; NOP
08/07/2020 ; 14:34:33 ; 114,2 ; 2000,0 ; 16,5 ; 17,6 ; 16,9 ; 19,3 ; 16,9 ; 16,1 ; NOP
08/07/2020 ; 14:34:36 ; 114,2 ; 2000,0 ; 16,5 ; 17,6 ; 16,9 ; 19,3 ; 16,9 ; 16,5 ; NOP
08/07/2020 ; 14:34:39 ; 114,2 ; 2000,0 ; 16,5 ; 17,6 ; 16,9 ; 19,3 ; 16,9 ; 16,5 ; NOP
08/07/2020 ; 14:34:42 ; 113,9 ; 2000,0 ; 16,5 ; 17,6 ; 16,9 ; 19,3 ; 16,9 ; 16,5 ; NOP
08/07/2020 ; 14:34:45 ; 113,9 ; 2000,0 ; 16,6 ; 17,7 ; 17,0 ; 19,5 ; 17,1 ; 16,7 ; NOP
08/07/2020 ; 14:34:48 ; 113,9 ; 2000,0 ; 16,6 ; 17,7 ; 17,0 ; 19,5 ; 17,1 ; 16,7 ; NOP
08/07/2020 ; 14:34:51 ; 113,9 ; 2000,0 ; 16,6 ; 17,7 ; 17,0 ; 19,5 ; 17,1 ; 16,7 ; NOP
08/07/2020 ; 14:34:54 ; 113,6 ; 2000,0 ; 16,8 ; 17,8 ; 17,2 ; 19,7 ; 17,3 ; 16,7 ; NOP
08/07/2020 ; 14:34:57 ; 113,6 ; 2000,0 ; 16,8 ; 17,8 ; 17,2 ; 19,7 ; 17,3 ; 16,8 ; NOP
08/07/2020 ; 14:35:00 ; 113,9 ; 2000,0 ; 16,8 ; 17,9 ; 17,2 ; 19,7 ; 17,4 ; 16,8 ; NOP
08/07/2020 ; 14:35:03 ; 113,9 ; 2000,0 ; 16,8 ; 17,9 ; 17,2 ; 19,7 ; 17,4 ; 17,0 ; NOP
08/07/2020 ; 14:35:06 ; 113,9 ; 2000,0 ; 16,8 ; 17,9 ; 17,2 ; 19,7 ; 17,4 ; 17,0 ; NOP
08/07/2020 ; 14:35:09 ; 110,4 ; 2000,0 ; 8,8 ; 17,9 ; 17,2 ; 19,7 ; 17,4 ; 17,0 ; NOP
08/07/2020 ; 14:35:12 ; 110,4 ; 2000,0 ; 8,8 ; 12,9 ; 12,7 ; 15,6 ; 12,0 ; 14,3 ; NOP
08/07/2020 ; 14:35:15 ; 110,4 ; 2000,0 ; 8,8 ; 12,9 ; 12,7 ; 15,6 ; 12,0 ; 14,3 ; NOP
08/07/2020 ; 14:35:18 ; 110,4 ; 2000,0 ; 8,8 ; 12,9 ; 12,7 ; 15,6 ; 12,0 ; 14,3 ; NOP
08/07/2020 ; 14:35:21 ; 111,0 ; 2000,0 ; 7,6 ; 10,7 ; 10,3 ; 12,7 ; 10,1 ; 14,3 ; NOP
08/07/2020 ; 14:35:24 ; 111,0 ; 2000,0 ; 7,6 ; 10,7 ; 10,3 ; 12,7 ; 10,1 ; 12,2 ; NOP
08/07/2020 ; 14:35:27 ; 111,0 ; 2000,0 ; 7,6 ; 10,7 ; 10,3 ; 12,7 ; 10,1 ; 12,2 ; NOP
08/07/2020 ; 14:35:30 ; 111,0 ; 2000,0 ; 7,6 ; 10,7 ; 10,3 ; 12,7 ; 10,1 ; 12,2 ; NOP
08/07/2020 ; 14:35:33 ; 111,0 ; 2000,0 ; 7,4 ; 10,0 ; 9,6 ; 11,8 ; 9,4 ; 11,1 ; NOP
08/07/2020 ; 14:35:36 ; 111,0 ; 2000,0 ; 7,4 ; 10,0 ; 9,6 ; 11,8 ; 9,4 ; 11,1 ; NOP
08/07/2020 ; 14:35:39 ; 111,0 ; 2000,0 ; 7,4 ; 10,0 ; 9,6 ; 11,8 ; 9,4 ; 11,1 ; NOP
08/07/2020 ; 14:35:42 ; 111,0 ; 2000,0 ; 7,4 ; 9,7 ; 9,2 ; 11,5 ; 9,4 ; 11,1 ; NOP
08/07/2020 ; 14:35:45 ; 111,0 ; 2000,0 ; 7,4 ; 9,7 ; 9,2 ; 11,5 ; 9,2 ; 10,6 ; NOP
08/07/2020 ; 14:35:48 ; 111,0 ; 2000,0 ; 7,4 ; 9,7 ; 9,2 ; 11,5 ; 9,2 ; 10,6 ; NOP
08/07/2020 ; 14:35:51 ; 111,0 ; 2000,0 ; 7,4 ; 9,7 ; 9,2 ; 11,5 ; 9,2 ; 10,6 ; NOP
08/07/2020 ; 14:35:54 ; 111,0 ; 2000,0 ; 7,4 ; 9,5 ; 9,1 ; 11,3 ; 9,1 ; 10,2 ; NOP
08/07/2020 ; 14:35:57 ; 111,0 ; 2000,0 ; 7,4 ; 9,5 ; 9,1 ; 11,3 ; 9,1 ; 10,2 ; NOP
08/07/2020 ; 14:36:00 ; 111,0 ; 2000,0 ; 7,4 ; 9,5 ; 9,1 ; 11,3 ; 9,1 ; 10,2 ; NOP
08/07/2020 ; 14:36:03 ; 111,0 ; 2000,0 ; 7,5 ; 9,5 ; 9,0 ; 11,3 ; 9,1 ; 10,2 ; NOP
08/07/2020 ; 14:36:06 ; 111,0 ; 2000,0 ; 7,5 ; 9,5 ; 9,0 ; 11,2 ; 9,0 ; 9,9 ; NOP
08/07/2020 ; 14:36:09 ; 111,0 ; 2000,0 ; 7,5 ; 9,5 ; 9,0 ; 11,2 ; 9,0 ; 9,9 ; NOP
08/07/2020 ; 14:36:12 ; 110,4 ; 2000,0 ; 7,6 ; 9,4 ; 9,0 ; 11,2 ; 9,0 ; 9,9 ; NOP
08/07/2020 ; 14:36:15 ; 110,4 ; 2000,0 ; 7,6 ; 9,4 ; 9,0 ; 11,2 ; 8,9 ; 9,8 ; NOP
08/07/2020 ; 14:36:18 ; 110,4 ; 2000,0 ; 7,6 ; 9,4 ; 9,0 ; 11,2 ; 8,9 ; 9,8 ; NOP
08/07/2020 ; 14:36:21 ; 111,0 ; 2000,0 ; 7,6 ; 9,4 ; 9,0 ; 11,2 ; 8,9 ; 9,8 ; NOP
08/07/2020 ; 14:36:24 ; 111,0 ; 2000,0 ; 7,6 ; 9,4 ; 9,0 ; 11,2 ; 8,9 ; 9,7 ; NOP
08/07/2020 ; 14:36:27 ; 111,0 ; 2000,0 ; 7,6 ; 9,4 ; 9,0 ; 11,2 ; 8,9 ; 9,7 ; NOP
08/07/2020 ; 14:36:30 ; 111,7 ; 2000,0 ; 7,6 ; 9,3 ; 9,0 ; 11,2 ; 8,9 ; 9,7 ; NOP
08/07/2020 ; 14:36:33 ; 111,7 ; 2000,0 ; 7,6 ; 9,3 ; 9,0 ; 11,2 ; 8,9 ; 9,7 ; NOP
08/07/2020 ; 14:36:36 ; 111,7 ; 2000,0 ; 7,6 ; 9,3 ; 9,0 ; 11,2 ; 8,9 ; 9,7 ; NOP
08/07/2020 ; 14:36:39 ; 111,7 ; 2000,0 ; 7,6 ; 9,3 ; 9,0 ; 11,2 ; 8,9 ; 9,7 ; NOP
08/07/2020 ; 14:36:42 ; 112,3 ; 2000,0 ; 7,6 ; 9,3 ; 9,0 ; 11,2 ; 8,9 ; 9,7 ; NOP
08/07/2020 ; 14:36:45 ; 112,3 ; 2000,0 ; 7,6 ; 9,4 ; 9,0 ; 11,2 ; 9,0 ; 9,7 ; NOP
08/07/2020 ; 14:36:48 ; 112,3 ; 2000,0 ; 7,6 ; 9,4 ; 9,0 ; 11,2 ; 9,0 ; 9,5 ; NOP
08/07/2020 ; 14:36:51 ; 112,6 ; 2000,0 ; 7,6 ; 9,4 ; 9,0 ; 11,2 ; 9,0 ; 9,5 ; NOP
08/07/2020 ; 14:36:54 ; 112,6 ; 2000,0 ; 7,6 ; 9,4 ; 9,1 ; 11,2 ; 9,0 ; 9,5 ; NOP
08/07/2020 ; 14:36:57 ; 112,6 ; 2000,0 ; 7,6 ; 9,4 ; 9,1 ; 11,2 ; 9,0 ; 9,5 ; NOP
08/07/2020 ; 14:37:00 ; 111,0 ; 2000,0 ; 7,6 ; 9,4 ; 9,1 ; 11,2 ; 9,0 ; 9,5 ; NOP
08/07/2020 ; 14:37:03 ; 111,0 ; 2000,0 ; 7,6 ; 9,4 ; 9,2 ; 11,3 ; 9,0 ; 9,5 ; NOP
08/07/2020 ; 14:37:06 ; 111,0 ; 2000,0 ; 7,6 ; 9,4 ; 9,2 ; 11,3 ; 9,0 ; 9,5 ; NOP
08/07/2020 ; 14:37:09 ; 112,0 ; 2000,0 ; 7,6 ; 9,4 ; 9,2 ; 11,3 ; 9,0 ; 9,5 ; NOP
08/07/2020 ; 14:37:12 ; 112,0 ; 2000,0 ; 7,7 ; 9,4 ; 9,2 ; 11,3 ; 9,0 ; 9,5 ; NOP
08/07/2020 ; 14:37:15 ; 112,0 ; 2000,0 ; 7,7 ; 9,4 ; 9,2 ; 11,3 ; 9,0 ; 9,5 ; NOP
08/07/2020 ; 14:37:18 ; 111,7 ; 2000,0 ; 7,7 ; 9,4 ; 9,2 ; 11,3 ; 9,0 ; 9,5 ; NOP
08/07/2020 ; 14:37:21 ; 111,7 ; 2000,0 ; 7,8 ; 9,5 ; 9,3 ; 11,3 ; 9,1 ; 9,5 ; NOP
08/07/2020 ; 14:37:24 ; 111,7 ; 2000,0 ; 7,8 ; 9,5 ; 9,3 ; 11,3 ; 9,1 ; 9,5 ; NOP
08/07/2020 ; 14:37:27 ; 111,7 ; 2000,0 ; 7,8 ; 9,5 ; 9,3 ; 11,3 ; 9,1 ; 9,5 ; NOP
08/07/2020 ; 14:37:30 ; 111,7 ; 2000,0 ; 7,8 ; 9,5 ; 9,3 ; 11,4 ; 9,1 ; 9,5 ; NOP
08/07/2020 ; 14:37:33 ; 111,7 ; 2000,0 ; 7,8 ; 9,5 ; 9,3 ; 11,4 ; 9,1 ; 9,5 ; NOP
08/07/2020 ; 14:37:36 ; 111,7 ; 2000,0 ; 7,8 ; 9,5 ; 9,3 ; 11,4 ; 9,1 ; 9,5 ; NOP
08/07/2020 ; 14:37:39 ; 109,8 ; 2000,0 ; 7,8 ; 9,5 ; 9,3 ; 11,4 ; 9,1 ; 9,5 ; NOP
08/07/2020 ; 14:37:42 ; 109,8 ; 2000,0 ; 7,8 ; 9,5 ; 9,3 ; 11,4 ; 9,1 ; 9,5 ; NOP
08/07/2020 ; 14:37:45 ; 109,8 ; 2000,0 ; 7,8 ; 9,5 ; 9,3 ; 11,4 ; 9,1 ; 9,5 ; NOP
08/07/2020 ; 14:37:48 ; 109,8 ; 2000,0 ; 7,8 ; 9,5 ; 9,3 ; 11,4 ; 9,1 ; 9,5 ; NOP
08/07/2020 ; 14:37:51 ; 110,1 ; 2000,0 ; 7,9 ; 9,6 ; 9,4 ; 11,5 ; 9,1 ; 9,5 ; NOP
08/07/2020 ; 14:37:54 ; 110,1 ; 2000,0 ; 7,9 ; 9,6 ; 9,4 ; 11,5 ; 9,2 ; 9,5 ; NOP
08/07/2020 ; 14:37:57 ; 110,1 ; 2000,0 ; 7,9 ; 9,6 ; 9,4 ; 11,5 ; 9,2 ; 9,5 ; NOP
08/07/2020 ; 14:38:00 ; 109,1 ; 2000,0 ; 7,9 ; 9,6 ; 9,4 ; 11,5 ; 9,2 ; 9,5 ; NOP
08/07/2020 ; 14:38:03 ; 109,1 ; 2000,0 ; 8,0 ; 9,6 ; 9,5 ; 11,5 ; 9,2 ; 9,6 ; NOP
08/07/2020 ; 14:38:06 ; 109,1 ; 2000,0 ; 8,0 ; 9,6 ; 9,5 ; 11,5 ; 9,2 ; 9,6 ; NOP
08/07/2020 ; 14:38:09 ; 109,1 ; 2000,0 ; 8,0 ; 9,6 ; 9,5 ; 11,5 ; 9,2 ; 9,6 ; NOP
08/07/2020 ; 14:38:12 ; 109,1 ; 2000,0 ; 8,0 ; 9,7 ; 9,5 ; 11,5 ; 9,2 ; 9,6 ; NOP
08/07/2020 ; 14:38:15 ; 109,1 ; 2000,0 ; 8,0 ; 9,7 ; 9,5 ; 11,6 ; 9,3 ; 9,7 ; NOP
08/07/2020 ; 14:38:18 ; 109,1 ; 2000,0 ; 8,0 ; 9,7 ; 9,5 ; 11,6 ; 9,3 ; 9,7 ; NOP
08/07/2020 ; 14:38:21 ; 109,1 ; 2000,0 ; 8,0 ; 9,7 ; 9,5 ; 11,6 ; 9,3 ; 9,7 ; NOP
08/07/2020 ; 14:38:24 ; 109,1 ; 2000,0 ; 8,0 ; 9,7 ; 9,6 ; 11,6 ; 9,3 ; 9,7 ; NOP
08/07/2020 ; 14:38:27 ; 109,1 ; 2000,0 ; 8,0 ; 9,7 ; 9,6 ; 11,6 ; 9,3 ; 9,7 ; NOP
08/07/2020 ; 14:38:30 ; 109,1 ; 2000,0 ; 8,0 ; 9,7 ; 9,6 ; 11,6 ; 9,3 ; 9,7 ; NOP
08/07/2020 ; 14:38:33 ; 109,8 ; 2000,0 ; 8,0 ; 9,8 ; 9,6 ; 11,6 ; 9,3 ; 9,7 ; NOP
08/07/2020 ; 14:38:36 ; 109,8 ; 2000,0 ; 8,0 ; 9,8 ; 9,6 ; 11,6 ; 9,3 ; 9,7 ; NOP
08/07/2020 ; 14:38:39 ; 109,1 ; 2000,0 ; 8,2 ; 9,8 ; 9,7 ; 11,6 ; 9,3 ; 9,7 ; NOP
08/07/2020 ; 14:38:42 ; 109,1 ; 2000,0 ; 8,2 ; 9,8 ; 9,7 ; 11,6 ; 9,4 ; 9,7 ; NOP
08/07/2020 ; 14:38:45 ; 109,1 ; 2000,0 ; 8,2 ; 9,8 ; 9,7 ; 11,6 ; 9,4 ; 9,7 ; NOP
08/07/2020 ; 14:38:48 ; 109,1 ; 2000,0 ; 8,2 ; 9,8 ; 9,7 ; 11,6 ; 9,4 ; 9,7 ; NOP
08/07/2020 ; 14:38:51 ; 109,1 ; 2000,0 ; 8,2 ; 9,9 ; 9,7 ; 11,7 ; 9,5 ; 9,7 ; NOP
08/07/2020 ; 14:38:54 ; 109,1 ; 2000,0 ; 8,2 ; 9,9 ; 9,7 ; 11,7 ; 9,5 ; 9,7 ; NOP
08/07/2020 ; 14:38:57 ; 109,1 ; 2000,0 ; 8,2 ; 9,9 ; 9,7 ; 11,7 ; 9,5 ; 9,7 ; NOP
08/07/2020 ; 14:39:00 ; 108,5 ; 2000,0 ; 8,2 ; 9,9 ; 9,8 ; 11,7 ; 9,5 ; 9,7 ; NOP
08/07/2020 ; 14:39:03 ; 108,5 ; 2000,0 ; 8,2 ; 9,9 ; 9,8 ; 11,7 ; 9,4 ; 9,8 ; NOP
08/07/2020 ; 14:39:06 ; 108,5 ; 2000,0 ; 8,2 ; 9,9 ; 9,8 ; 11,7 ; 9,4 ; 9,8 ; NOP
08/07/2020 ; 14:39:09 ; 108,5 ; 2000,0 ; 8,2 ; 9,9 ; 9,8 ; 11,7 ; 9,4 ; 9,8 ; NOP
08/07/2020 ; 14:39:12 ; 109,1 ; 2000,0 ; 8,2 ; 9,9 ; 9,8 ; 11,8 ; 9,5 ; 9,9 ; NOP
08/07/2020 ; 14:39:15 ; 109,1 ; 2000,0 ; 8,2 ; 9,9 ; 9,8 ; 11,8 ; 9,5 ; 9,9 ; NOP
08/07/2020 ; 14:39:18 ; 109,1 ; 2000,0 ; 8,2 ; 9,9 ; 9,8 ; 11,8 ; 9,5 ; 9,9 ; NOP
08/07/2020 ; 14:39:21 ; 109,1 ; 2000,0 ; 8,4 ; 10,0 ; 9,8 ; 11,8 ; 9,5 ; 9,9 ; NOP
08/07/2020 ; 14:39:24 ; 109,1 ; 2000,0 ; 8,4 ; 10,0 ; 9,9 ; 11,8 ; 9,6 ; 9,9 ; NOP
08/07/2020 ; 14:39:27 ; 109,1 ; 2000,0 ; 8,4 ; 10,0 ; 9,9 ; 11,8 ; 9,6 ; 9,9 ; NOP
08/07/2020 ; 14:39:30 ; 109,1 ; 2000,0 ; 8,4 ; 10,0 ; 9,9 ; 11,8 ; 9,6 ; 9,9 ; NOP
08/07/2020 ; 14:39:33 ; 110,1 ; 2000,0 ; 8,4 ; 10,1 ; 9,9 ; 11,9 ; 9,7 ; 10,0 ; NOP
08/07/2020 ; 14:39:36 ; 110,1 ; 2000,0 ; 8,4 ; 10,1 ; 9,9 ; 11,9 ; 9,7 ; 10,0 ; NOP
08/07/2020 ; 14:39:39 ; 110,1 ; 2000,0 ; 8,4 ; 10,1 ; 9,9 ; 11,9 ; 9,7 ; 10,0 ; NOP
08/07/2020 ; 14:39:42 ; 109,1 ; 2000,0 ; 8,4 ; 10,1 ; 9,9 ; 11,9 ; 9,7 ; 10,0 ; NOP
08/07/2020 ; 14:39:45 ; 109,1 ; 2000,0 ; 8,4 ; 10,1 ; 10,0 ; 11,9 ; 9,7 ; 10,0 ; NOP
08/07/2020 ; 14:39:48 ; 109,1 ; 2000,0 ; 8,4 ; 10,1 ; 10,0 ; 11,9 ; 9,7 ; 10,0 ; NOP
08/07/2020 ; 14:39:51 ; 109,1 ; 2000,0 ; 8,4 ; 10,1 ; 10,0 ; 11,9 ; 9,7 ; 10,0 ; NOP
08/07/2020 ; 14:39:54 ; 108,8 ; 2000,0 ; 8,4 ; 10,1 ; 10,1 ; 12,0 ; 9,7 ; 10,0 ; NOP
08/07/2020 ; 14:39:57 ; 108,8 ; 2000,0 ; 8,4 ; 10,1 ; 10,1 ; 12,0 ; 9,7 ; 10,0 ; NOP
08/07/2020 ; 14:40:00 ; 109,1 ; 2000,0 ; 8,4 ; 10,1 ; 10,1 ; 12,0 ; 9,8 ; 10,1 ; NOP
08/07/2020 ; 14:40:03 ; 109,1 ; 2000,0 ; 8,4 ; 10,1 ; 10,1 ; 12,0 ; 9,8 ; 10,1 ; NOP
08/07/2020 ; 14:40:06 ; 109,1 ; 2000,0 ; 8,4 ; 10,1 ; 10,1 ; 12,0 ; 9,8 ; 10,1 ; NOP
08/07/2020 ; 14:40:09 ; 109,1 ; 2000,0 ; 8,6 ; 10,2 ; 10,1 ; 12,0 ; 9,8 ; 10,1 ; NOP
08/07/2020 ; 14:40:12 ; 109,1 ; 2000,0 ; 8,6 ; 10,2 ; 10,1 ; 12,0 ; 9,8 ; 10,1 ; NOP
08/07/2020 ; 14:40:15 ; 109,1 ; 2000,0 ; 8,6 ; 10,2 ; 10,1 ; 12,0 ; 9,8 ; 10,1 ; NOP
08/07/2020 ; 14:40:18 ; 109,1 ; 2000,0 ; 8,6 ; 10,2 ; 10,1 ; 12,0 ; 9,8 ; 10,1 ; NOP
08/07/2020 ; 14:40:21 ; 109,4 ; 2000,0 ; 8,6 ; 10,3 ; 10,2 ; 12,1 ; 9,9 ; 10,1 ; NOP
08/07/2020 ; 14:40:24 ; 109,4 ; 2000,0 ; 8,6 ; 10,3 ; 10,2 ; 12,1 ; 9,9 ; 10,1 ; NOP
08/07/2020 ; 14:40:27 ; 109,4 ; 2000,0 ; 8,6 ; 10,3 ; 10,2 ; 12,1 ; 9,9 ; 10,1 ; NOP
08/07/2020 ; 14:40:30 ; 109,1 ; 2000,0 ; 8,6 ; 10,3 ; 10,2 ; 12,1 ; 9,9 ; 10,1 ; NOP
08/07/2020 ; 14:40:33 ; 109,1 ; 2000,0 ; 8,6 ; 10,3 ; 10,2 ; 12,1 ; 9,9 ; 10,2 ; NOP
08/07/2020 ; 14:40:36 ; 109,1 ; 2000,0 ; 8,6 ; 10,3 ; 10,2 ; 12,1 ; 9,9 ; 10,2 ; NOP
08/07/2020 ; 14:40:39 ; 109,1 ; 2000,0 ; 8,6 ; 10,3 ; 10,2 ; 12,1 ; 9,9 ; 10,2 ; NOP
08/07/2020 ; 14:40:42 ; 109,1 ; 2000,0 ; 8,8 ; 10,4 ; 10,3 ; 12,2 ; 10,0 ; 10,2 ; NOP
08/07/2020 ; 14:40:45 ; 109,1 ; 2000,0 ; 8,8 ; 10,4 ; 10,3 ; 12,2 ; 10,0 ; 10,2 ; NOP
08/07/2020 ; 14:40:48 ; 109,1 ; 2000,0 ; 8,8 ; 10,4 ; 10,3 ; 12,2 ; 10,0 ; 10,2 ; NOP
08/07/2020 ; 14:40:51 ; 108,8 ; 2000,0 ; 8,8 ; 10,4 ; 10,3 ; 12,2 ; 10,0 ; 10,2 ; NOP
08/07/2020 ; 14:40:54 ; 108,8 ; 2000,0 ; 8,8 ; 10,4 ; 10,3 ; 12,2 ; 10,1 ; 10,3 ; NOP
08/07/2020 ; 14:40:57 ; 108,8 ; 2000,0 ; 8,8 ; 10,4 ; 10,3 ; 12,2 ; 10,1 ; 10,3 ; NOP
08/07/2020 ; 14:41:00 ; 108,8 ; 2000,0 ; 8,8 ; 10,4 ; 10,3 ; 12,2 ; 10,1 ; 10,3 ; NOP
08/07/2020 ; 14:41:03 ; 109,1 ; 2000,0 ; 8,8 ; 10,5 ; 10,4 ; 12,3 ; 10,1 ; 10,3 ; NOP
08/07/2020 ; 14:41:06 ; 109,1 ; 2000,0 ; 8,8 ; 10,5 ; 10,4 ; 12,3 ; 10,1 ; 10,3 ; NOP
08/07/2020 ; 14:41:09 ; 109,1 ; 2000,0 ; 8,8 ; 10,5 ; 10,4 ; 12,3 ; 10,1 ; 10,3 ; NOP
08/07/2020 ; 14:41:12 ; 109,1 ; 2000,0 ; 8,8 ; 10,5 ; 10,4 ; 12,3 ; 10,1 ; 10,3 ; NOP
08/07/2020 ; 14:41:15 ; 109,1 ; 2000,0 ; 8,8 ; 10,5 ; 10,5 ; 12,3 ; 10,1 ; 10,4 ; NOP
08/07/2020 ; 14:41:18 ; 108,8 ; 2000,0 ; 8,8 ; 10,5 ; 10,5 ; 12,3 ; 10,1 ; 10,4 ; NOP
08/07/2020 ; 14:41:21 ; 108,8 ; 2000,0 ; 8,8 ; 10,5 ; 10,5 ; 12,4 ; 10,1 ; 10,4 ; NOP
08/07/2020 ; 14:41:24 ; 108,8 ; 2000,0 ; 8,8 ; 10,5 ; 10,5 ; 12,4 ; 10,1 ; 10,4 ; NOP
08/07/2020 ; 14:41:27 ; 108,8 ; 2000,0 ; 8,8 ; 10,5 ; 10,5 ; 12,4 ; 10,1 ; 10,4 ; NOP
08/07/2020 ; 14:41:30 ; 108,2 ; 2000,0 ; 9,0 ; 10,6 ; 10,5 ; 12,4 ; 10,1 ; 10,4 ; NOP
08/07/2020 ; 14:41:33 ; 108,2 ; 2000,0 ; 9,0 ; 10,6 ; 10,5 ; 12,4 ; 10,2 ; 10,5 ; NOP
08/07/2020 ; 14:41:36 ; 108,2 ; 2000,0 ; 9,0 ; 10,6 ; 10,5 ; 12,4 ; 10,2 ; 10,5 ; NOP
08/07/2020 ; 14:41:39 ; 108,2 ; 2000,0 ; 9,0 ; 10,6 ; 10,5 ; 12,4 ; 10,2 ; 10,5 ; NOP
08/07/2020 ; 14:41:42 ; 108,8 ; 2000,0 ; 9,0 ; 10,6 ; 10,5 ; 12,4 ; 10,2 ; 10,5 ; NOP
08/07/2020 ; 14:41:45 ; 108,8 ; 2000,0 ; 9,0 ; 10,7 ; 10,6 ; 12,4 ; 10,2 ; 10,5 ; NOP
08/07/2020 ; 14:41:48 ; 108,8 ; 2000,0 ; 9,0 ; 10,7 ; 10,6 ; 12,4 ; 10,3 ; 10,5 ; NOP
08/07/2020 ; 14:41:51 ; 109,1 ; 2000,0 ; 9,0 ; 10,7 ; 10,6 ; 12,4 ; 10,3 ; 10,5 ; NOP
08/07/2020 ; 14:41:54 ; 109,1 ; 2000,0 ; 9,0 ; 10,7 ; 10,7 ; 12,4 ; 10,3 ; 10,5 ; NOP
08/07/2020 ; 14:41:57 ; 109,1 ; 2000,0 ; 9,0 ; 10,7 ; 10,7 ; 12,4 ; 10,4 ; 10,6 ; NOP
08/07/2020 ; 14:42:00 ; 108,8 ; 2000,0 ; 9,0 ; 10,7 ; 10,7 ; 12,4 ; 10,4 ; 10,6 ; NOP
08/07/2020 ; 14:42:03 ; 108,8 ; 2000,0 ; 9,0 ; 10,8 ; 10,7 ; 12,5 ; 10,4 ; 10,6 ; NOP
08/07/2020 ; 14:42:06 ; 108,8 ; 2000,0 ; 9,0 ; 10,8 ; 10,7 ; 12,5 ; 10,4 ; 10,6 ; NOP
08/07/2020 ; 14:42:09 ; 109,1 ; 2000,0 ; 9,1 ; 10,8 ; 10,7 ; 12,5 ; 10,4 ; 10,6 ; NOP
08/07/2020 ; 14:42:12 ; 109,1 ; 2000,0 ; 9,1 ; 10,8 ; 10,7 ; 12,5 ; 10,5 ; 10,6 ; NOP
08/07/2020 ; 14:42:15 ; 109,1 ; 2000,0 ; 9,1 ; 10,8 ; 10,7 ; 12,5 ; 10,5 ; 10,6 ; NOP
08/07/2020 ; 14:42:18 ; 109,1 ; 2000,0 ; 9,1 ; 10,8 ; 10,7 ; 12,5 ; 10,5 ; 10,6 ; NOP
08/07/2020 ; 14:42:21 ; 109,1 ; 2000,0 ; 9,2 ; 10,9 ; 10,8 ; 12,6 ; 10,5 ; 10,6 ; NOP
08/07/2020 ; 14:42:24 ; 109,1 ; 2000,0 ; 9,2 ; 10,9 ; 10,8 ; 12,6 ; 10,5 ; 10,7 ; NOP
08/07/2020 ; 14:42:27 ; 109,1 ; 2000,0 ; 9,2 ; 10,9 ; 10,8 ; 12,6 ; 10,5 ; 10,7 ; NOP
08/07/2020 ; 14:42:30 ; 109,1 ; 2000,0 ; 9,2 ; 10,9 ; 10,8 ; 12,6 ; 10,5 ; 10,7 ; NOP
08/07/2020 ; 14:42:33 ; 109,1 ; 2000,0 ; 9,2 ; 10,9 ; 10,9 ; 12,6 ; 10,6 ; 10,8 ; NOP
08/07/2020 ; 14:42:36 ; 109,1 ; 2000,0 ; 9,2 ; 10,9 ; 10,9 ; 12,6 ; 10,6 ; 10,8 ; NOP
08/07/2020 ; 14:42:39 ; 109,1 ; 2000,0 ; 9,2 ; 10,9 ; 10,9 ; 12,6 ; 10,6 ; 10,8 ; NOP
08/07/2020 ; 14:42:42 ; 108,8 ; 2000,0 ; 9,2 ; 10,9 ; 10,9 ; 12,7 ; 10,6 ; 10,8 ; NOP
08/07/2020 ; 14:42:45 ; 108,8 ; 2000,0 ; 9,2 ; 10,9 ; 10,9 ; 12,7 ; 10,6 ; 10,8 ; NOP
08/07/2020 ; 14:42:48 ; 108,8 ; 2000,0 ; 9,2 ; 10,9 ; 10,9 ; 12,7 ; 10,6 ; 10,8 ; NOP
08/07/2020 ; 14:42:51 ; 108,8 ; 2000,0 ; 9,2 ; 10,9 ; 10,9 ; 12,7 ; 10,6 ; 10,8 ; NOP
08/07/2020 ; 14:42:54 ; 108,8 ; 2000,0 ; 9,3 ; 11,0 ; 10,9 ; 12,7 ; 10,6 ; 10,9 ; NOP
08/07/2020 ; 14:42:57 ; 108,8 ; 2000,0 ; 9,3 ; 11,0 ; 10,9 ; 12,7 ; 10,6 ; 10,9 ; NOP
08/07/2020 ; 14:43:00 ; 108,8 ; 2000,0 ; 9,3 ; 11,0 ; 10,9 ; 12,7 ; 10,6 ; 10,9 ; NOP
08/07/2020 ; 14:43:03 ; 108,5 ; 2000,0 ; 9,4 ; 11,0 ; 11,0 ; 12,8 ; 10,6 ; 10,9 ; NOP
08/07/2020 ; 14:43:06 ; 108,5 ; 2000,0 ; 9,4 ; 11,0 ; 11,0 ; 12,8 ; 10,7 ; 10,9 ; NOP
08/07/2020 ; 14:43:09 ; 108,5 ; 2000,0 ; 9,4 ; 11,0 ; 11,0 ; 12,8 ; 10,7 ; 10,9 ; NOP
08/07/2020 ; 14:43:12 ; 107,9 ; 2000,0 ; 9,4 ; 11,0 ; 11,0 ; 12,8 ; 10,7 ; 10,9 ; NOP
08/07/2020 ; 14:43:15 ; 107,9 ; 2000,0 ; 9,4 ; 11,1 ; 11,0 ; 12,8 ; 10,7 ; 10,9 ; NOP
08/07/2020 ; 14:43:18 ; 107,9 ; 2000,0 ; 9,4 ; 11,1 ; 11,0 ; 12,8 ; 10,7 ; 10,9 ; NOP
08/07/2020 ; 14:43:21 ; 107,9 ; 2000,0 ; 9,4 ; 11,1 ; 11,0 ; 12,9 ; 10,8 ; 10,9 ; NOP
08/07/2020 ; 14:43:24 ; 107,9 ; 2000,0 ; 9,4 ; 11,1 ; 11,0 ; 12,9 ; 10,8 ; 10,9 ; NOP
08/07/2020 ; 14:43:27 ; 107,9 ; 2000,0 ; 9,4 ; 11,1 ; 11,0 ; 12,9 ; 10,8 ; 10,9 ; NOP
08/07/2020 ; 14:43:30 ; 108,5 ; 2000,0 ; 9,4 ; 11,1 ; 11,1 ; 12,9 ; 10,8 ; 10,9 ; NOP
08/07/2020 ; 14:43:33 ; 108,5 ; 2000,0 ; 9,4 ; 11,1 ; 11,1 ; 12,9 ; 10,8 ; 11,0 ; NOP
08/07/2020 ; 14:43:36 ; 108,5 ; 2000,0 ; 9,4 ; 11,1 ; 11,1 ; 12,9 ; 10,8 ; 11,0 ; NOP
08/07/2020 ; 14:43:39 ; 109,1 ; 2000,0 ; 9,4 ; 11,1 ; 11,1 ; 12,9 ; 10,8 ; 11,0 ; NOP
08/07/2020 ; 14:43:42 ; 109,1 ; 2000,0 ; 9,6 ; 11,2 ; 11,2 ; 12,9 ; 10,9 ; 11,0 ; NOP
08/07/2020 ; 14:43:45 ; 109,1 ; 2000,0 ; 9,6 ; 11,2 ; 11,2 ; 12,9 ; 10,9 ; 11,0 ; NOP
08/07/2020 ; 14:43:48 ; 109,1 ; 2000,0 ; 9,6 ; 11,2 ; 11,2 ; 12,9 ; 10,9 ; 11,0 ; NOP
08/07/2020 ; 14:43:51 ; 109,1 ; 2000,0 ; 9,6 ; 11,2 ; 11,2 ; 12,9 ; 10,9 ; 11,0 ; NOP
08/07/2020 ; 14:43:54 ; 109,1 ; 2000,0 ; 9,6 ; 11,2 ; 11,2 ; 13,0 ; 10,9 ; 11,0 ; NOP
08/07/2020 ; 14:43:57 ; 109,1 ; 2000,0 ; 9,6 ; 11,2 ; 11,2 ; 13,0 ; 10,9 ; 11,0 ; NOP
08/07/2020 ; 14:44:00 ; 108,2 ; 2000,0 ; 9,6 ; 11,2 ; 11,2 ; 13,0 ; 10,9 ; 11,0 ; NOP
08/07/2020 ; 14:44:03 ; 108,2 ; 2000,0 ; 9,6 ; 11,3 ; 11,3 ; 13,0 ; 10,9 ; 11,1 ; NOP
08/07/2020 ; 14:44:06 ; 108,2 ; 2000,0 ; 9,6 ; 11,3 ; 11,3 ; 13,0 ; 10,9 ; 11,1 ; NOP
08/07/2020 ; 14:44:09 ; 108,2 ; 2000,0 ; 9,6 ; 11,3 ; 11,3 ; 13,0 ; 10,9 ; 11,1 ; NOP
08/07/2020 ; 14:44:12 ; 108,5 ; 2000,0 ; 9,6 ; 11,3 ; 11,3 ; 13,0 ; 10,9 ; 11,1 ; NOP
08/07/2020 ; 14:44:15 ; 108,5 ; 2000,0 ; 9,6 ; 11,3 ; 11,3 ; 13,1 ; 11,0 ; 11,1 ; NOP
08/07/2020 ; 14:44:18 ; 108,5 ; 2000,0 ; 9,6 ; 11,3 ; 11,3 ; 13,1 ; 11,0 ; 11,1 ; NOP
08/07/2020 ; 14:44:21 ; 108,5 ; 2000,0 ; 9,6 ; 11,3 ; 11,3 ; 13,1 ; 11,0 ; 11,1 ; NOP
08/07/2020 ; 14:44:24 ; 108,5 ; 2000,0 ; 9,6 ; 11,4 ; 11,3 ; 13,1 ; 11,0 ; 11,2 ; NOP
08/07/2020 ; 14:44:27 ; 108,5 ; 2000,0 ; 9,6 ; 11,4 ; 11,3 ; 13,1 ; 11,0 ; 11,2 ; NOP
08/07/2020 ; 14:44:30 ; 108,5 ; 2000,0 ; 9,6 ; 11,4 ; 11,3 ; 13,1 ; 11,0 ; 11,2 ; NOP
08/07/2020 ; 14:44:33 ; 108,8 ; 2000,0 ; 9,8 ; 11,4 ; 11,3 ; 13,1 ; 11,0 ; 11,2 ; NOP
08/07/2020 ; 14:44:36 ; 108,8 ; 2000,0 ; 9,8 ; 11,4 ; 11,4 ; 13,1 ; 11,0 ; 11,3 ; NOP
08/07/2020 ; 14:44:39 ; 108,5 ; 2000,0 ; 9,8 ; 11,5 ; 11,4 ; 13,1 ; 11,0 ; 11,3 ; NOP
08/07/2020 ; 14:44:42 ; 108,5 ; 2000,0 ; 9,8 ; 11,5 ; 11,4 ; 13,1 ; 11,1 ; 11,3 ; NOP
08/07/2020 ; 14:44:45 ; 108,5 ; 2000,0 ; 9,8 ; 11,5 ; 11,4 ; 13,1 ; 11,1 ; 11,3 ; NOP
08/07/2020 ; 14:44:48 ; 108,5 ; 2000,0 ; 9,8 ; 11,5 ; 11,4 ; 13,1 ; 11,1 ; 11,3 ; NOP
08/07/2020 ; 14:44:51 ; 107,9 ; 2000,0 ; 9,8 ; 11,5 ; 11,4 ; 13,2 ; 11,1 ; 11,3 ; NOP
08/07/2020 ; 14:44:54 ; 107,9 ; 2000,0 ; 9,8 ; 11,5 ; 11,4 ; 13,2 ; 11,1 ; 11,3 ; NOP
08/07/2020 ; 14:44:57 ; 107,9 ; 2000,0 ; 9,8 ; 11,5 ; 11,4 ; 13,2 ; 11,1 ; 11,3 ; NOP
08/07/2020 ; 14:45:00 ; 108,8 ; 2000,0 ; 9,8 ; 11,5 ; 11,4 ; 13,2 ; 11,1 ; 11,3 ; NOP
08/07/2020 ; 14:45:03 ; 108,8 ; 2000,0 ; 9,8 ; 11,5 ; 11,5 ; 13,2 ; 11,2 ; 11,4 ; NOP
08/07/2020 ; 14:45:06 ; 108,8 ; 2000,0 ; 9,8 ; 11,5 ; 11,5 ; 13,2 ; 11,2 ; 11,4 ; NOP
08/07/2020 ; 14:45:09 ; 108,8 ; 2000,0 ; 9,8 ; 11,5 ; 11,5 ; 13,2 ; 11,2 ; 11,4 ; NOP
08/07/2020 ; 14:45:12 ; 108,8 ; 2000,0 ; 9,8 ; 11,6 ; 11,5 ; 13,3 ; 11,2 ; 11,4 ; NOP
08/07/2020 ; 14:45:15 ; 108,8 ; 2000,0 ; 9,8 ; 11,6 ; 11,5 ; 13,3 ; 11,2 ; 11,4 ; NOP
08/07/2020 ; 14:45:18 ; 108,8 ; 2000,0 ; 9,8 ; 11,6 ; 11,5 ; 13,3 ; 11,2 ; 11,4 ; NOP
08/07/2020 ; 14:45:21 ; 108,5 ; 2000,0 ; 9,9 ; 11,6 ; 11,5 ; 13,3 ; 11,2 ; 11,4 ; NOP
08/07/2020 ; 14:45:24 ; 108,5 ; 2000,0 ; 9,9 ; 11,6 ; 11,6 ; 13,3 ; 11,3 ; 11,4 ; NOP
08/07/2020 ; 14:45:27 ; 108,5 ; 2000,0 ; 9,9 ; 11,6 ; 11,6 ; 13,3 ; 11,3 ; 11,4 ; NOP
08/07/2020 ; 14:45:30 ; 108,5 ; 2000,0 ; 9,9 ; 11,6 ; 11,6 ; 13,3 ; 11,3 ; 11,4 ; NOP
08/07/2020 ; 14:45:33 ; 109,1 ; 2000,0 ; 10,0 ; 11,6 ; 11,6 ; 13,3 ; 11,3 ; 11,5 ; NOP
08/07/2020 ; 14:45:36 ; 109,1 ; 2000,0 ; 10,0 ; 11,6 ; 11,6 ; 13,3 ; 11,3 ; 11,5 ; NOP
08/07/2020 ; 14:45:39 ; 109,1 ; 2000,0 ; 10,0 ; 11,6 ; 11,6 ; 13,3 ; 11,3 ; 11,5 ; NOP
08/07/2020 ; 14:45:42 ; 108,8 ; 2000,0 ; 10,0 ; 11,6 ; 11,6 ; 13,3 ; 11,3 ; 11,5 ; NOP
08/07/2020 ; 14:45:45 ; 108,8 ; 2000,0 ; 10,0 ; 11,7 ; 11,6 ; 13,4 ; 11,4 ; 11,5 ; NOP
08/07/2020 ; 14:45:48 ; 108,8 ; 2000,0 ; 10,0 ; 11,7 ; 11,6 ; 13,4 ; 11,4 ; 11,5 ; NOP
08/07/2020 ; 14:45:51 ; 108,8 ; 2000,0 ; 10,0 ; 11,7 ; 11,6 ; 13,4 ; 11,4 ; 11,5 ; NOP
08/07/2020 ; 14:45:54 ; 108,8 ; 2000,0 ; 10,0 ; 11,7 ; 11,7 ; 13,4 ; 11,4 ; 11,6 ; NOP
08/07/2020 ; 14:45:57 ; 108,8 ; 2000,0 ; 10,0 ; 11,7 ; 11,7 ; 13,4 ; 11,4 ; 11,6 ; NOP
08/07/2020 ; 14:46:00 ; 108,8 ; 2000,0 ; 10,0 ; 11,7 ; 11,7 ; 13,4 ; 11,5 ; 11,6 ; NOP
08/07/2020 ; 14:46:03 ; 108,8 ; 2000,0 ; 10,0 ; 11,7 ; 11,7 ; 13,4 ; 11,5 ; 11,6 ; NOP
08/07/2020 ; 14:46:06 ; 108,8 ; 2000,0 ; 10,0 ; 11,7 ; 11,7 ; 13,4 ; 11,5 ; 11,6 ; NOP
08/07/2020 ; 14:46:09 ; 109,1 ; 2000,0 ; 10,1 ; 11,8 ; 11,7 ; 13,4 ; 11,5 ; 11,6 ; NOP
08/07/2020 ; 14:46:12 ; 109,1 ; 2000,0 ; 10,1 ; 11,8 ; 11,8 ; 13,5 ; 11,5 ; 11,6 ; NOP
08/07/2020 ; 14:46:15 ; 109,1 ; 2000,0 ; 10,1 ; 11,8 ; 11,8 ; 13,5 ; 11,5 ; 11,6 ; NOP
08/07/2020 ; 14:46:18 ; 109,1 ; 2000,0 ; 10,1 ; 11,8 ; 11,8 ; 13,5 ; 11,5 ; 11,6 ; NOP
08/07/2020 ; 14:46:21 ; 108,8 ; 2000,0 ; 10,2 ; 11,8 ; 11,8 ; 13,5 ; 11,5 ; 11,7 ; NOP
08/07/2020 ; 14:46:24 ; 108,8 ; 2000,0 ; 10,2 ; 11,8 ; 11,8 ; 13,5 ; 11,5 ; 11,7 ; NOP
08/07/2020 ; 14:46:27 ; 108,8 ; 2000,0 ; 10,2 ; 11,8 ; 11,8 ; 13,5 ; 11,5 ; 11,7 ; NOP
08/07/2020 ; 14:46:30 ; 108,8 ; 2000,0 ; 10,2 ; 11,8 ; 11,8 ; 13,5 ; 11,5 ; 11,7 ; NOP
08/07/2020 ; 14:46:33 ; 108,8 ; 2000,0 ; 10,2 ; 11,9 ; 11,9 ; 13,6 ; 11,6 ; 11,7 ; NOP
08/07/2020 ; 14:46:36 ; 108,8 ; 2000,0 ; 10,2 ; 11,9 ; 11,9 ; 13,6 ; 11,6 ; 11,7 ; NOP
08/07/2020 ; 14:46:39 ; 108,8 ; 2000,0 ; 10,2 ; 11,9 ; 11,9 ; 13,6 ; 11,6 ; 11,7 ; NOP
08/07/2020 ; 14:46:42 ; 108,2 ; 2000,0 ; 10,2 ; 11,9 ; 11,9 ; 13,6 ; 11,6 ; 11,7 ; NOP
08/07/2020 ; 14:46:45 ; 108,2 ; 2000,0 ; 10,2 ; 11,9 ; 11,9 ; 13,6 ; 11,6 ; 11,7 ; NOP
08/07/2020 ; 14:46:48 ; 108,2 ; 2000,0 ; 10,2 ; 11,9 ; 11,9 ; 13,6 ; 11,6 ; 11,7 ; NOP
08/07/2020 ; 14:46:51 ; 109,1 ; 2000,0 ; 10,2 ; 11,9 ; 11,9 ; 13,6 ; 11,6 ; 11,7 ; NOP
08/07/2020 ; 14:46:54 ; 109,1 ; 2000,0 ; 10,2 ; 12,0 ; 11,9 ; 13,6 ; 11,6 ; 11,8 ; NOP
08/07/2020 ; 14:46:57 ; 109,1 ; 2000,0 ; 10,2 ; 12,0 ; 11,9 ; 13,6 ; 11,6 ; 11,8 ; NOP
08/07/2020 ; 14:47:00 ; 109,1 ; 2000,0 ; 10,2 ; 12,0 ; 11,9 ; 13,6 ; 11,6 ; 11,8 ; NOP
08/07/2020 ; 14:47:03 ; 108,8 ; 2000,0 ; 10,3 ; 12,0 ; 12,0 ; 13,7 ; 11,7 ; 11,8 ; NOP
08/07/2020 ; 14:47:06 ; 108,8 ; 2000,0 ; 10,3 ; 12,0 ; 12,0 ; 13,7 ; 11,7 ; 11,8 ; NOP
08/07/2020 ; 14:47:09 ; 108,8 ; 2000,0 ; 10,3 ; 12,0 ; 12,0 ; 13,7 ; 11,7 ; 11,8 ; NOP
08/07/2020 ; 14:47:12 ; 108,5 ; 2000,0 ; 10,3 ; 12,0 ; 12,0 ; 13,7 ; 11,7 ; 11,8 ; NOP
08/07/2020 ; 14:47:15 ; 108,5 ; 2000,0 ; 10,4 ; 12,0 ; 12,0 ; 13,7 ; 11,7 ; 11,9 ; NOP
08/07/2020 ; 14:47:18 ; 109,1 ; 2000,0 ; 10,4 ; 12,0 ; 12,0 ; 13,7 ; 11,7 ; 11,9 ; NOP
08/07/2020 ; 14:47:21 ; 109,1 ; 2000,0 ; 10,4 ; 12,1 ; 12,1 ; 13,8 ; 11,8 ; 11,9 ; NOP
08/07/2020 ; 14:47:24 ; 109,1 ; 2000,0 ; 10,4 ; 12,1 ; 12,1 ; 13,8 ; 11,8 ; 11,9 ; NOP
08/07/2020 ; 14:47:27 ; 109,1 ; 2000,0 ; 10,4 ; 12,1 ; 12,1 ; 13,8 ; 11,8 ; 11,9 ; NOP
08/07/2020 ; 14:47:30 ; 109,1 ; 2000,0 ; 10,4 ; 12,1 ; 12,1 ; 13,8 ; 11,8 ; 11,9 ; NOP
08/07/2020 ; 14:47:33 ; 109,1 ; 2000,0 ; 10,4 ; 12,1 ; 12,1 ; 13,8 ; 11,8 ; 11,9 ; NOP
08/07/2020 ; 14:47:36 ; 109,1 ; 2000,0 ; 10,4 ; 12,1 ; 12,1 ; 13,8 ; 11,8 ; 11,9 ; NOP
08/07/2020 ; 14:47:39 ; 109,1 ; 2000,0 ; 10,4 ; 12,1 ; 12,1 ; 13,8 ; 11,8 ; 11,9 ; NOP
08/07/2020 ; 14:47:42 ; 109,1 ; 2000,0 ; 10,4 ; 12,2 ; 12,1 ; 13,8 ; 11,8 ; 12,0 ; NOP
08/07/2020 ; 14:47:45 ; 109,1 ; 2000,0 ; 10,4 ; 12,2 ; 12,1 ; 13,8 ; 11,8 ; 12,0 ; NOP
08/07/2020 ; 14:47:48 ; 109,1 ; 2000,0 ; 10,4 ; 12,2 ; 12,1 ; 13,8 ; 11,8 ; 12,0 ; NOP
08/07/2020 ; 14:47:51 ; 109,1 ; 2000,0 ; 10,5 ; 12,2 ; 12,2 ; 13,8 ; 11,9 ; 12,0 ; NOP
08/07/2020 ; 14:47:54 ; 109,1 ; 2000,0 ; 10,5 ; 12,2 ; 12,2 ; 13,8 ; 11,9 ; 12,0 ; NOP
08/07/2020 ; 14:47:57 ; 109,1 ; 2000,0 ; 10,5 ; 12,2 ; 12,2 ; 13,8 ; 11,9 ; 12,0 ; NOP
08/07/2020 ; 14:48:00 ; 109,1 ; 2000,0 ; 10,5 ; 12,2 ; 12,2 ; 13,8 ; 11,9 ; 12,0 ; NOP
08/07/2020 ; 14:48:03 ; 109,1 ; 2000,0 ; 10,5 ; 12,3 ; 12,2 ; 13,8 ; 11,9 ; 12,0 ; NOP
08/07/2020 ; 14:48:06 ; 109,1 ; 2000,0 ; 10,5 ; 12,3 ; 12,2 ; 13,8 ; 11,9 ; 12,0 ; NOP
08/07/2020 ; 14:48:09 ; 109,1 ; 2000,0 ; 10,5 ; 12,3 ; 12,2 ; 13,8 ; 11,9 ; 12,0 ; NOP
08/07/2020 ; 14:48:12 ; 108,8 ; 2000,0 ; 10,6 ; 12,3 ; 12,3 ; 13,9 ; 11,9 ; 12,0 ; NOP
08/07/2020 ; 14:48:15 ; 108,8 ; 2000,0 ; 10,6 ; 12,3 ; 12,3 ; 13,9 ; 11,9 ; 12,1 ; NOP
08/07/2020 ; 14:48:18 ; 108,8 ; 2000,0 ; 10,6 ; 12,3 ; 12,3 ; 13,9 ; 11,9 ; 12,1 ; NOP
08/07/2020 ; 14:48:21 ; 108,5 ; 2000,0 ; 10,6 ; 12,3 ; 12,3 ; 13,9 ; 11,9 ; 12,1 ; NOP
08/07/2020 ; 14:48:24 ; 108,5 ; 2000,0 ; 10,6 ; 12,3 ; 12,3 ; 13,9 ; 12,0 ; 12,1 ; NOP
08/07/2020 ; 14:48:27 ; 108,5 ; 2000,0 ; 10,6 ; 12,3 ; 12,3 ; 13,9 ; 12,0 ; 12,1 ; NOP
08/07/2020 ; 14:48:31 ; 108,5 ; 2000,0 ; 10,6 ; 12,3 ; 12,3 ; 13,9 ; 12,0 ; 12,1 ; NOP
08/07/2020 ; 14:48:33 ; 108,8 ; 2000,0 ; 10,6 ; 12,4 ; 12,4 ; 13,9 ; 12,0 ; 12,1 ; NOP
08/07/2020 ; 14:48:36 ; 108,8 ; 2000,0 ; 10,6 ; 12,4 ; 12,4 ; 14,0 ; 12,1 ; 12,2 ; NOP
08/07/2020 ; 14:48:39 ; 109,1 ; 2000,0 ; 10,6 ; 12,4 ; 12,4 ; 14,0 ; 12,1 ; 12,2 ; NOP
08/07/2020 ; 14:48:42 ; 109,1 ; 2000,0 ; 10,6 ; 12,4 ; 12,4 ; 14,0 ; 12,0 ; 12,3 ; NOP
08/07/2020 ; 14:48:45 ; 109,1 ; 2000,0 ; 10,6 ; 12,4 ; 12,4 ; 14,0 ; 12,0 ; 12,3 ; NOP
08/07/2020 ; 14:48:48 ; 109,1 ; 2000,0 ; 10,6 ; 12,4 ; 12,4 ; 14,0 ; 12,0 ; 12,3 ; NOP
08/07/2020 ; 14:48:51 ; 109,1 ; 2000,0 ; 10,8 ; 12,4 ; 12,4 ; 14,0 ; 12,2 ; 12,3 ; NOP
08/07/2020 ; 14:48:54 ; 109,1 ; 2000,0 ; 10,8 ; 12,4 ; 12,4 ; 14,0 ; 12,2 ; 12,3 ; NOP
08/07/2020 ; 14:48:57 ; 109,1 ; 2000,0 ; 10,8 ; 12,4 ; 12,4 ; 14,0 ; 12,2 ; 12,3 ; NOP
08/07/2020 ; 14:49:00 ; 109,1 ; 2000,0 ; 10,9 ; 12,5 ; 12,7 ; 14,0 ; 12,2 ; 12,3 ; NOP
08/07/2020 ; 14:49:03 ; 109,1 ; 2000,0 ; 10,9 ; 12,5 ; 12,7 ; 14,3 ; 12,2 ; 12,4 ; NOP
08/07/2020 ; 14:49:06 ; 109,1 ; 2000,0 ; 10,9 ; 12,5 ; 12,7 ; 14,3 ; 12,2 ; 12,4 ; NOP
08/07/2020 ; 14:49:09 ; 108,8 ; 2000,0 ; 10,9 ; 12,5 ; 12,7 ; 14,3 ; 12,2 ; 12,4 ; NOP
08/07/2020 ; 14:49:12 ; 108,8 ; 2000,0 ; 11,0 ; 12,5 ; 12,8 ; 14,3 ; 12,3 ; 12,4 ; NOP
08/07/2020 ; 14:49:15 ; 108,8 ; 2000,0 ; 11,0 ; 12,5 ; 12,8 ; 14,3 ; 12,3 ; 12,4 ; NOP
08/07/2020 ; 14:49:18 ; 108,8 ; 2000,0 ; 11,0 ; 12,5 ; 12,8 ; 14,3 ; 12,3 ; 12,4 ; NOP
08/07/2020 ; 14:49:21 ; 108,8 ; 2000,0 ; 11,0 ; 12,6 ; 12,8 ; 14,4 ; 12,4 ; 12,4 ; NOP
08/07/2020 ; 14:49:24 ; 108,8 ; 2000,0 ; 11,0 ; 12,6 ; 12,8 ; 14,4 ; 12,4 ; 12,4 ; NOP
08/07/2020 ; 14:49:27 ; 108,8 ; 2000,0 ; 11,0 ; 12,6 ; 12,8 ; 14,4 ; 12,4 ; 12,4 ; NOP
08/07/2020 ; 14:49:30 ; 108,8 ; 2000,0 ; 11,0 ; 12,6 ; 12,8 ; 14,3 ; 12,4 ; 12,4 ; NOP
08/07/2020 ; 14:49:33 ; 108,8 ; 2000,0 ; 11,0 ; 12,6 ; 12,8 ; 14,3 ; 12,4 ; 12,4 ; NOP
08/07/2020 ; 14:49:36 ; 108,8 ; 2000,0 ; 11,0 ; 12,6 ; 12,8 ; 14,3 ; 12,4 ; 12,4 ; NOP
08/07/2020 ; 14:49:39 ; 108,5 ; 2000,0 ; 11,0 ; 12,6 ; 12,8 ; 14,3 ; 12,4 ; 12,4 ; NOP
08/07/2020 ; 14:49:42 ; 108,5 ; 2000,0 ; 11,0 ; 12,6 ; 12,8 ; 14,4 ; 12,4 ; 12,5 ; NOP
