10000
31/05/2020 ; 15:38:14 ; 169,6 ; 2000,0 ; -10,2 ; 19,9 ; 20,0 ; 20,6 ; 19,8 ; 19,4 ; NOP
31/05/2020 ; 15:38:24 ; 166,1 ; 2000,0 ; -10,1 ; 19,9 ; 20,0 ; 20,6 ; 19,8 ; 19,4 ; NOP
31/05/2020 ; 15:38:34 ; 169,0 ; 2000,0 ; -10,1 ; 19,9 ; 20,0 ; 20,6 ; 19,8 ; 19,4 ; NOP
31/05/2020 ; 15:38:44 ; 168,0 ; 2000,0 ; -10,1 ; 19,9 ; 20,0 ; 20,6 ; 19,8 ; 19,4 ; NOP
31/05/2020 ; 15:38:54 ; 168,6 ; 2000,0 ; -10,1 ; 19,9 ; 20,1 ; 20,6 ; 19,8 ; 19,4 ; NOP
31/05/2020 ; 15:39:04 ; 165,8 ; 2000,0 ; -10,2 ; 19,9 ; 20,1 ; 20,6 ; 19,8 ; 19,4 ; NOP
31/05/2020 ; 15:39:14 ; 169,0 ; 2000,0 ; -10,2 ; 19,9 ; 20,1 ; 20,6 ; 19,8 ; 19,4 ; NOP
31/05/2020 ; 15:39:24 ; 169,3 ; 2000,0 ; -10,2 ; 19,9 ; 20,1 ; 20,6 ; 19,8 ; 19,4 ; NOP
31/05/2020 ; 15:39:34 ; 169,0 ; 2000,0 ; -10,2 ; 19,9 ; 20,1 ; 20,6 ; 19,8 ; 19,4 ; NOP
31/05/2020 ; 15:39:44 ; 169,0 ; 2000,0 ; -10,2 ; 19,9 ; 20,1 ; 20,6 ; 19,8 ; 19,4 ; NOP
31/05/2020 ; 15:39:54 ; 169,3 ; 2000,0 ; -10,1 ; 19,9 ; 20,1 ; 20,6 ; 19,8 ; 19,4 ; NOP
31/05/2020 ; 15:40:04 ; 168,3 ; 2000,0 ; -10,0 ; 19,9 ; 20,1 ; 20,6 ; 19,8 ; 19,4 ; NOP
31/05/2020 ; 15:40:14 ; 165,8 ; 2000,0 ; -10,1 ; 19,9 ; 20,1 ; 20,6 ; 19,8 ; 19,4 ; NOP
31/05/2020 ; 15:40:24 ; 169,6 ; 2000,0 ; -10,1 ; 19,9 ; 20,1 ; 20,6 ; 19,8 ; 19,4 ; NOP
31/05/2020 ; 15:40:34 ; 166,1 ; 2000,0 ; -10,2 ; 19,9 ; 20,1 ; 20,6 ; 19,8 ; 19,4 ; NOP
31/05/2020 ; 15:40:44 ; 169,6 ; 2000,0 ; -10,0 ; 19,9 ; 20,1 ; 20,6 ; 19,8 ; 19,5 ; NOP
31/05/2020 ; 15:40:54 ; 166,1 ; 2000,0 ; -10,1 ; 19,9 ; 20,1 ; 20,6 ; 19,8 ; 19,5 ; NOP
31/05/2020 ; 15:41:04 ; 166,1 ; 2000,0 ; -10,0 ; 19,9 ; 20,1 ; 20,6 ; 19,8 ; 19,5 ; NOP
31/05/2020 ; 15:41:14 ; 169,3 ; 2000,0 ; -10,1 ; 19,9 ; 20,1 ; 20,6 ; 19,8 ; 19,5 ; NOP
31/05/2020 ; 15:41:24 ; 165,8 ; 2000,0 ; -10,1 ; 19,9 ; 20,1 ; 20,6 ; 19,8 ; 19,5 ; NOP
31/05/2020 ; 15:41:34 ; 169,3 ; 2000,0 ; -10,1 ; 19,9 ; 20,1 ; 20,6 ; 19,8 ; 19,5 ; NOP
31/05/2020 ; 15:41:44 ; 168,6 ; 2000,0 ; -10,2 ; 19,9 ; 20,1 ; 20,6 ; 19,8 ; 19,5 ; NOP
31/05/2020 ; 15:41:54 ; 166,4 ; 2000,0 ; -10,1 ; 19,9 ; 20,1 ; 20,6 ; 19,8 ; 19,5 ; NOP
31/05/2020 ; 15:42:04 ; 166,1 ; 2000,0 ; -10,1 ; 19,9 ; 20,1 ; 20,6 ; 19,8 ; 19,5 ; NOP
31/05/2020 ; 15:42:14 ; 169,3 ; 2000,0 ; -10,1 ; 19,9 ; 20,1 ; 20,6 ; 19,8 ; 19,5 ; NOP
31/05/2020 ; 15:42:24 ; 169,0 ; 2000,0 ; -10,2 ; 19,9 ; 20,1 ; 20,6 ; 19,8 ; 19,5 ; NOP
31/05/2020 ; 15:42:34 ; 169,0 ; 2000,0 ; -10,1 ; 19,9 ; 20,1 ; 20,6 ; 19,8 ; 19,5 ; NOP
31/05/2020 ; 15:42:44 ; 169,3 ; 2000,0 ; -10,2 ; 20,0 ; 20,1 ; 20,6 ; 19,8 ; 19,5 ; NOP
31/05/2020 ; 15:42:54 ; 169,3 ; 2000,0 ; -10,2 ; 20,0 ; 20,1 ; 20,6 ; 19,8 ; 19,5 ; NOP
31/05/2020 ; 15:43:04 ; 166,1 ; 2000,0 ; -10,1 ; 19,9 ; 20,1 ; 20,6 ; 19,8 ; 19,5 ; NOP
31/05/2020 ; 15:43:14 ; 166,1 ; 2000,0 ; -10,2 ; 20,0 ; 20,1 ; 20,6 ; 19,9 ; 19,5 ; NOP
31/05/2020 ; 15:43:24 ; 169,0 ; 2000,0 ; -10,1 ; 20,0 ; 20,1 ; 20,6 ; 19,9 ; 19,5 ; NOP
31/05/2020 ; 15:43:34 ; 166,1 ; 2000,0 ; -10,2 ; 20,0 ; 20,1 ; 20,6 ; 19,9 ; 19,5 ; NOP
31/05/2020 ; 15:43:44 ; 169,6 ; 2000,0 ; -10,2 ; 20,0 ; 20,1 ; 20,6 ; 19,9 ; 19,5 ; NOP
31/05/2020 ; 15:43:54 ; 168,0 ; 2000,0 ; -10,1 ; 20,0 ; 20,1 ; 20,6 ; 19,9 ; 19,5 ; NOP
31/05/2020 ; 15:44:04 ; 168,0 ; 2000,0 ; -10,1 ; 20,0 ; 20,1 ; 20,6 ; 19,9 ; 19,5 ; NOP
31/05/2020 ; 15:44:14 ; 166,1 ; 2000,0 ; -10,1 ; 20,0 ; 20,1 ; 20,6 ; 19,9 ; 19,5 ; NOP
31/05/2020 ; 15:44:24 ; 169,6 ; 2000,0 ; -10,0 ; 20,0 ; 20,1 ; 20,6 ; 19,9 ; 19,5 ; NOP
31/05/2020 ; 15:44:34 ; 166,1 ; 2000,0 ; -10,3 ; 20,0 ; 20,1 ; 20,6 ; 19,9 ; 19,5 ; NOP
31/05/2020 ; 15:44:44 ; 166,1 ; 2000,0 ; -10,2 ; 20,0 ; 20,1 ; 20,6 ; 19,9 ; 19,5 ; NOP
31/05/2020 ; 15:44:54 ; 169,0 ; 2000,0 ; -10,1 ; 20,0 ; 20,1 ; 20,6 ; 19,9 ; 19,5 ; NOP
31/05/2020 ; 15:45:04 ; 166,1 ; 2000,0 ; -10,2 ; 20,0 ; 20,1 ; 20,6 ; 19,9 ; 19,5 ; NOP
31/05/2020 ; 15:45:14 ; 169,6 ; 2000,0 ; -10,1 ; 20,0 ; 20,1 ; 20,6 ; 19,9 ; 19,5 ; NOP
31/05/2020 ; 15:45:24 ; 166,1 ; 2000,0 ; -10,1 ; 20,0 ; 20,1 ; 20,6 ; 19,9 ; 19,5 ; NOP
31/05/2020 ; 15:45:34 ; 166,1 ; 2000,0 ; -10,1 ; 20,0 ; 20,1 ; 20,6 ; 19,9 ; 19,5 ; NOP
31/05/2020 ; 15:45:44 ; 169,6 ; 2000,0 ; -10,2 ; 20,0 ; 20,1 ; 20,6 ; 19,9 ; 19,5 ; NOP
31/05/2020 ; 15:45:54 ; 168,0 ; 2000,0 ; -10,0 ; 20,0 ; 20,1 ; 20,6 ; 19,9 ; 19,5 ; NOP
31/05/2020 ; 15:46:04 ; 169,6 ; 2000,0 ; -10,2 ; 20,0 ; 20,1 ; 20,6 ; 19,9 ; 19,5 ; NOP
31/05/2020 ; 15:46:14 ; 169,0 ; 2000,0 ; -10,1 ; 20,0 ; 20,1 ; 20,6 ; 19,9 ; 19,5 ; NOP
31/05/2020 ; 15:46:24 ; 169,6 ; 2000,0 ; -10,2 ; 20,0 ; 20,1 ; 20,6 ; 19,9 ; 19,5 ; NOP
31/05/2020 ; 15:46:34 ; 166,1 ; 2000,0 ; -10,1 ; 20,0 ; 20,1 ; 20,6 ; 19,9 ; 19,5 ; NOP
31/05/2020 ; 15:46:44 ; 166,1 ; 2000,0 ; -10,2 ; 20,0 ; 20,1 ; 20,6 ; 19,9 ; 19,5 ; NOP
31/05/2020 ; 15:46:54 ; 169,3 ; 2000,0 ; -10,1 ; 20,0 ; 20,1 ; 20,6 ; 19,9 ; 19,5 ; NOP
31/05/2020 ; 15:47:04 ; 169,3 ; 2000,0 ; -10,1 ; 20,0 ; 20,1 ; 20,6 ; 19,9 ; 19,5 ; NOP
31/05/2020 ; 15:47:14 ; 168,0 ; 2000,0 ; -10,1 ; 20,0 ; 20,1 ; 20,6 ; 19,9 ; 19,5 ; NOP
31/05/2020 ; 15:47:24 ; 169,6 ; 2000,0 ; -10,2 ; 20,0 ; 20,1 ; 20,6 ; 19,9 ; 19,5 ; NOP
31/05/2020 ; 15:47:34 ; 166,1 ; 2000,0 ; -10,0 ; 20,0 ; 20,1 ; 20,6 ; 19,9 ; 19,5 ; NOP
31/05/2020 ; 15:47:44 ; 169,3 ; 2000,0 ; -10,1 ; 20,0 ; 20,1 ; 20,6 ; 19,9 ; 19,5 ; NOP
31/05/2020 ; 15:47:54 ; 166,1 ; 2000,0 ; -10,0 ; 20,0 ; 20,1 ; 20,6 ; 19,8 ; 19,5 ; NOP
31/05/2020 ; 15:48:04 ; 169,6 ; 2000,0 ; -10,2 ; 20,0 ; 20,1 ; 20,6 ; 19,9 ; 19,5 ; NOP
31/05/2020 ; 15:48:14 ; 169,3 ; 2000,0 ; -10,1 ; 20,0 ; 20,1 ; 20,6 ; 19,9 ; 19,5 ; NOP
31/05/2020 ; 15:48:24 ; 169,6 ; 2000,0 ; -10,2 ; 20,0 ; 20,1 ; 20,6 ; 19,9 ; 19,5 ; NOP
31/05/2020 ; 15:48:34 ; 166,1 ; 2000,0 ; -10,0 ; 20,0 ; 20,1 ; 20,6 ; 19,9 ; 19,5 ; NOP
31/05/2020 ; 15:48:44 ; 166,1 ; 2000,0 ; -10,2 ; 20,0 ; 20,1 ; 20,6 ; 19,9 ; 19,5 ; NOP
31/05/2020 ; 15:48:54 ; 169,6 ; 2000,0 ; -10,1 ; 20,0 ; 20,1 ; 20,6 ; 19,8 ; 19,5 ; NOP
31/05/2020 ; 15:49:04 ; 166,1 ; 2000,0 ; -10,1 ; 20,0 ; 20,1 ; 20,6 ; 19,9 ; 19,5 ; NOP
31/05/2020 ; 15:49:14 ; 166,1 ; 2000,0 ; -10,1 ; 20,0 ; 20,1 ; 20,6 ; 19,8 ; 19,5 ; NOP
31/05/2020 ; 15:49:24 ; 169,6 ; 2000,0 ; -10,0 ; 20,0 ; 20,1 ; 20,6 ; 19,8 ; 19,5 ; NOP
31/05/2020 ; 15:49:34 ; 169,6 ; 2000,0 ; -10,1 ; 20,0 ; 20,1 ; 20,6 ; 19,8 ; 19,5 ; NOP
31/05/2020 ; 15:49:44 ; 168,0 ; 2000,0 ; -10,1 ; 20,0 ; 20,1 ; 20,6 ; 19,8 ; 19,5 ; NOP
31/05/2020 ; 15:49:54 ; 168,6 ; 2000,0 ; -10,1 ; 20,0 ; 20,1 ; 20,6 ; 19,8 ; 19,5 ; NOP
31/05/2020 ; 15:50:04 ; 166,1 ; 2000,0 ; -10,1 ; 20,0 ; 20,1 ; 20,6 ; 19,8 ; 19,5 ; NOP
31/05/2020 ; 15:50:14 ; 169,3 ; 2000,0 ; -10,2 ; 20,0 ; 20,1 ; 20,6 ; 19,8 ; 19,5 ; NOP
31/05/2020 ; 15:50:24 ; 168,3 ; 2000,0 ; -10,1 ; 20,0 ; 20,1 ; 20,6 ; 19,8 ; 19,5 ; NOP
31/05/2020 ; 15:50:34 ; 169,3 ; 2000,0 ; -10,1 ; 20,0 ; 20,1 ; 20,6 ; 19,8 ; 19,5 ; NOP
31/05/2020 ; 15:50:44 ; 166,1 ; 2000,0 ; -10,2 ; 20,0 ; 20,1 ; 20,6 ; 19,8 ; 19,5 ; NOP
31/05/2020 ; 15:50:54 ; 166,1 ; 2000,0 ; -10,0 ; 20,0 ; 20,1 ; 20,6 ; 19,8 ; 19,5 ; NOP
31/05/2020 ; 15:51:04 ; 166,1 ; 2000,0 ; -10,2 ; 20,0 ; 20,1 ; 20,6 ; 19,8 ; 19,5 ; NOP
31/05/2020 ; 15:51:14 ; 169,6 ; 2000,0 ; -10,0 ; 20,0 ; 20,1 ; 20,6 ; 19,8 ; 19,5 ; NOP
31/05/2020 ; 15:51:24 ; 168,6 ; 2000,0 ; -10,0 ; 20,0 ; 20,1 ; 20,6 ; 19,8 ; 19,5 ; NOP
31/05/2020 ; 15:51:34 ; 166,1 ; 2000,0 ; -10,2 ; 20,0 ; 20,1 ; 20,6 ; 19,8 ; 19,5 ; NOP
31/05/2020 ; 15:51:44 ; 166,1 ; 2000,0 ; -10,1 ; 20,0 ; 20,1 ; 20,6 ; 19,8 ; 19,5 ; NOP
31/05/2020 ; 15:51:54 ; 168,0 ; 2000,0 ; -10,1 ; 20,0 ; 20,1 ; 20,6 ; 19,8 ; 19,5 ; NOP
31/05/2020 ; 15:52:04 ; 169,3 ; 2000,0 ; -10,1 ; 20,0 ; 20,1 ; 20,6 ; 19,8 ; 19,5 ; NOP
31/05/2020 ; 15:52:14 ; 169,6 ; 2000,0 ; -10,0 ; 20,0 ; 20,1 ; 20,6 ; 19,8 ; 19,5 ; NOP
31/05/2020 ; 15:52:24 ; 169,9 ; 2000,0 ; -10,3 ; 20,0 ; 20,1 ; 20,6 ; 19,8 ; 19,5 ; NOP
31/05/2020 ; 15:52:34 ; 169,6 ; 2000,0 ; -10,1 ; 20,0 ; 20,1 ; 20,6 ; 19,8 ; 19,5 ; NOP
31/05/2020 ; 15:52:44 ; 166,1 ; 2000,0 ; -10,1 ; 20,0 ; 20,1 ; 20,6 ; 19,8 ; 19,5 ; NOP
31/05/2020 ; 15:52:54 ; 169,6 ; 2000,0 ; -10,1 ; 20,0 ; 20,1 ; 20,6 ; 19,8 ; 19,5 ; NOP
31/05/2020 ; 15:53:04 ; 166,1 ; 2000,0 ; -10,1 ; 20,0 ; 20,1 ; 20,6 ; 19,8 ; 19,5 ; NOP
31/05/2020 ; 15:53:14 ; 168,0 ; 2000,0 ; -10,3 ; 19,9 ; 20,1 ; 20,6 ; 19,8 ; 19,5 ; NOP
31/05/2020 ; 15:53:24 ; 168,3 ; 2000,0 ; -10,2 ; 19,9 ; 20,1 ; 20,6 ; 19,8 ; 19,5 ; NOP
31/05/2020 ; 15:53:34 ; 166,1 ; 2000,0 ; -10,2 ; 19,9 ; 20,1 ; 20,6 ; 19,8 ; 19,5 ; NOP
31/05/2020 ; 15:53:44 ; 169,0 ; 2000,0 ; -10,0 ; 20,0 ; 20,1 ; 20,6 ; 19,8 ; 19,5 ; NOP
31/05/2020 ; 15:53:54 ; 166,1 ; 2000,0 ; -10,1 ; 19,9 ; 20,1 ; 20,6 ; 19,8 ; 19,5 ; NOP
31/05/2020 ; 15:54:04 ; 166,1 ; 2000,0 ; -10,1 ; 20,0 ; 20,1 ; 20,6 ; 19,8 ; 19,5 ; NOP
31/05/2020 ; 15:54:14 ; 166,1 ; 2000,0 ; -10,1 ; 20,0 ; 20,1 ; 20,6 ; 19,8 ; 19,5 ; NOP
31/05/2020 ; 15:54:24 ; 168,6 ; 2000,0 ; -10,1 ; 20,0 ; 20,1 ; 20,6 ; 19,8 ; 19,5 ; NOP
31/05/2020 ; 15:54:34 ; 166,1 ; 2000,0 ; -10,0 ; 20,0 ; 20,1 ; 20,6 ; 19,8 ; 19,5 ; NOP
31/05/2020 ; 15:54:44 ; 169,3 ; 2000,0 ; -10,2 ; 19,9 ; 20,1 ; 20,6 ; 19,8 ; 19,5 ; NOP
31/05/2020 ; 15:54:54 ; 166,1 ; 2000,0 ; -10,1 ; 20,0 ; 20,1 ; 20,6 ; 19,8 ; 19,5 ; NOP
31/05/2020 ; 15:55:04 ; 169,6 ; 2000,0 ; -10,1 ; 20,0 ; 20,1 ; 20,6 ; 19,8 ; 19,5 ; NOP
31/05/2020 ; 15:55:14 ; 169,3 ; 2000,0 ; -10,1 ; 19,9 ; 20,1 ; 20,6 ; 19,8 ; 19,5 ; NOP
31/05/2020 ; 15:55:24 ; 168,0 ; 2000,0 ; -10,1 ; 20,0 ; 20,1 ; 20,6 ; 19,8 ; 19,5 ; NOP
31/05/2020 ; 15:55:34 ; 168,6 ; 2000,0 ; -10,2 ; 20,0 ; 20,1 ; 20,6 ; 19,8 ; 19,5 ; NOP
31/05/2020 ; 15:55:44 ; 166,1 ; 2000,0 ; -10,0 ; 19,9 ; 20,1 ; 20,6 ; 19,8 ; 19,5 ; NOP
31/05/2020 ; 15:55:54 ; 169,6 ; 2000,0 ; -10,2 ; 20,0 ; 20,1 ; 20,6 ; 19,8 ; 19,5 ; NOP
31/05/2020 ; 15:56:04 ; 169,6 ; 2000,0 ; -10,2 ; 20,0 ; 20,1 ; 20,6 ; 19,8 ; 19,5 ; NOP
31/05/2020 ; 15:56:14 ; 168,6 ; 2000,0 ; -10,1 ; 20,0 ; 20,1 ; 20,6 ; 19,8 ; 19,5 ; NOP
31/05/2020 ; 15:56:24 ; 165,8 ; 2000,0 ; -10,1 ; 19,9 ; 20,1 ; 20,6 ; 19,8 ; 19,5 ; NOP
31/05/2020 ; 15:56:34 ; 169,6 ; 2000,0 ; -10,2 ; 19,9 ; 20,1 ; 20,6 ; 19,8 ; 19,5 ; NOP
31/05/2020 ; 15:56:44 ; 166,1 ; 2000,0 ; -10,1 ; 20,0 ; 20,1 ; 20,6 ; 19,8 ; 19,5 ; NOP
31/05/2020 ; 15:56:54 ; 166,1 ; 2000,0 ; -10,1 ; 19,9 ; 20,1 ; 20,6 ; 19,8 ; 19,5 ; NOP
31/05/2020 ; 15:57:04 ; 165,8 ; 2000,0 ; -10,1 ; 19,9 ; 20,1 ; 20,6 ; 19,8 ; 19,5 ; NOP
31/05/2020 ; 15:57:14 ; 168,6 ; 2000,0 ; -10,1 ; 20,0 ; 20,1 ; 20,6 ; 19,8 ; 19,5 ; NOP
31/05/2020 ; 15:57:24 ; 169,3 ; 2000,0 ; -10,1 ; 20,0 ; 20,1 ; 20,6 ; 19,8 ; 19,5 ; NOP
31/05/2020 ; 15:57:34 ; 169,9 ; 2000,0 ; -10,1 ; 19,9 ; 20,1 ; 20,6 ; 19,8 ; 19,5 ; NOP
31/05/2020 ; 15:57:44 ; 169,6 ; 2000,0 ; -10,1 ; 20,0 ; 20,1 ; 20,6 ; 19,8 ; 19,5 ; NOP
31/05/2020 ; 15:57:54 ; 168,6 ; 2000,0 ; -10,2 ; 20,0 ; 20,1 ; 20,6 ; 19,8 ; 19,5 ; NOP
31/05/2020 ; 15:58:04 ; 168,6 ; 2000,0 ; -9,9 ; 19,9 ; 20,1 ; 20,6 ; 19,8 ; 19,5 ; NOP
31/05/2020 ; 15:58:14 ; 168,0 ; 2000,0 ; -10,1 ; 19,9 ; 20,1 ; 20,6 ; 19,8 ; 19,5 ; NOP
31/05/2020 ; 15:58:24 ; 168,6 ; 2000,0 ; -10,0 ; 20,0 ; 20,1 ; 20,6 ; 19,8 ; 19,5 ; NOP
31/05/2020 ; 15:58:34 ; 169,9 ; 2000,0 ; -10,1 ; 20,0 ; 20,1 ; 20,6 ; 19,8 ; 19,5 ; NOP
31/05/2020 ; 15:58:44 ; 169,6 ; 2000,0 ; -10,1 ; 20,0 ; 20,1 ; 20,6 ; 19,8 ; 19,5 ; NOP
31/05/2020 ; 15:58:54 ; 165,8 ; 2000,0 ; -10,1 ; 20,0 ; 20,1 ; 20,6 ; 19,8 ; 19,5 ; NOP
31/05/2020 ; 15:59:04 ; 169,9 ; 2000,0 ; -10,2 ; 19,9 ; 20,1 ; 20,6 ; 19,8 ; 19,5 ; NOP
31/05/2020 ; 15:59:14 ; 168,0 ; 2000,0 ; -10,3 ; 19,9 ; 20,1 ; 20,6 ; 19,8 ; 19,5 ; NOP
31/05/2020 ; 15:59:24 ; 169,3 ; 2000,0 ; -10,1 ; 20,0 ; 20,1 ; 20,6 ; 19,8 ; 19,5 ; NOP
31/05/2020 ; 15:59:34 ; 166,1 ; 2000,0 ; -10,2 ; 19,9 ; 20,1 ; 20,6 ; 19,8 ; 19,5 ; NOP
31/05/2020 ; 15:59:44 ; 168,0 ; 2000,0 ; -10,1 ; 19,9 ; 20,1 ; 20,6 ; 19,8 ; 19,5 ; NOP
31/05/2020 ; 15:59:54 ; 169,6 ; 2000,0 ; -10,2 ; 19,9 ; 20,1 ; 20,6 ; 19,8 ; 19,5 ; NOP
31/05/2020 ; 16:00:04 ; 169,6 ; 2000,0 ; -10,1 ; 19,9 ; 20,1 ; 20,6 ; 19,8 ; 19,5 ; NOP
31/05/2020 ; 16:00:14 ; 168,0 ; 2000,0 ; -10,0 ; 19,9 ; 20,1 ; 20,6 ; 19,8 ; 19,5 ; NOP
31/05/2020 ; 16:00:24 ; 168,6 ; 2000,0 ; -10,0 ; 19,9 ; 20,1 ; 20,6 ; 19,8 ; 19,5 ; NOP
31/05/2020 ; 16:00:34 ; 168,0 ; 2000,0 ; -10,1 ; 19,9 ; 20,1 ; 20,6 ; 19,8 ; 19,5 ; NOP
31/05/2020 ; 16:00:44 ; 169,0 ; 2000,0 ; -10,1 ; 19,9 ; 20,1 ; 20,6 ; 19,8 ; 19,5 ; NOP
31/05/2020 ; 16:00:54 ; 166,1 ; 2000,0 ; -10,2 ; 19,9 ; 20,1 ; 20,6 ; 19,8 ; 19,5 ; NOP
31/05/2020 ; 16:01:04 ; 169,3 ; 2000,0 ; -10,1 ; 19,9 ; 20,1 ; 20,6 ; 19,8 ; 19,5 ; NOP
31/05/2020 ; 16:01:14 ; 168,0 ; 2000,0 ; -10,0 ; 19,9 ; 20,1 ; 20,6 ; 19,8 ; 19,5 ; NOP
31/05/2020 ; 16:01:24 ; 169,6 ; 2000,0 ; -10,2 ; 19,9 ; 20,1 ; 20,6 ; 19,8 ; 19,5 ; NOP
31/05/2020 ; 16:01:34 ; 169,6 ; 2000,0 ; -10,1 ; 19,9 ; 20,1 ; 20,6 ; 19,8 ; 19,5 ; NOP
31/05/2020 ; 16:01:44 ; 168,6 ; 2000,0 ; -10,1 ; 19,9 ; 20,1 ; 20,6 ; 19,8 ; 19,5 ; NOP
31/05/2020 ; 16:01:54 ; 169,6 ; 2000,0 ; -10,2 ; 19,9 ; 20,1 ; 20,6 ; 19,8 ; 19,5 ; NOP
31/05/2020 ; 16:02:04 ; 166,1 ; 2000,0 ; -10,1 ; 19,9 ; 20,1 ; 20,6 ; 19,8 ; 19,5 ; NOP
31/05/2020 ; 16:02:14 ; 168,3 ; 2000,0 ; -10,2 ; 19,9 ; 20,1 ; 20,6 ; 19,8 ; 19,5 ; NOP
31/05/2020 ; 16:02:24 ; 169,6 ; 2000,0 ; -10,1 ; 19,9 ; 20,1 ; 20,6 ; 19,8 ; 19,5 ; NOP
31/05/2020 ; 16:02:34 ; 165,8 ; 2000,0 ; -10,1 ; 20,0 ; 20,1 ; 20,6 ; 19,8 ; 19,5 ; NOP
31/05/2020 ; 16:02:44 ; 169,6 ; 2000,0 ; -10,1 ; 19,9 ; 20,1 ; 20,6 ; 19,8 ; 19,5 ; NOP
31/05/2020 ; 16:02:54 ; 166,1 ; 2000,0 ; -10,0 ; 20,0 ; 20,1 ; 20,6 ; 19,8 ; 19,5 ; NOP
31/05/2020 ; 16:03:04 ; 166,1 ; 2000,0 ; -10,1 ; 19,9 ; 20,1 ; 20,6 ; 19,8 ; 19,5 ; NOP
31/05/2020 ; 16:03:14 ; 169,6 ; 2000,0 ; -10,1 ; 19,9 ; 20,1 ; 20,6 ; 19,8 ; 19,5 ; NOP
31/05/2020 ; 16:03:24 ; 169,3 ; 2000,0 ; -10,2 ; 19,9 ; 20,1 ; 20,6 ; 19,8 ; 19,5 ; NOP
31/05/2020 ; 16:03:34 ; 166,1 ; 2000,0 ; -10,1 ; 19,9 ; 20,1 ; 20,6 ; 19,8 ; 19,5 ; NOP
31/05/2020 ; 16:03:44 ; 169,6 ; 2000,0 ; -10,1 ; 19,9 ; 20,1 ; 20,6 ; 19,8 ; 19,5 ; NOP
31/05/2020 ; 16:03:54 ; 169,6 ; 2000,0 ; -10,1 ; 19,9 ; 20,1 ; 20,6 ; 19,8 ; 19,5 ; NOP
31/05/2020 ; 16:04:04 ; 166,1 ; 2000,0 ; -10,2 ; 19,9 ; 20,1 ; 20,6 ; 19,8 ; 19,5 ; NOP
31/05/2020 ; 16:04:14 ; 169,6 ; 2000,0 ; -10,1 ; 19,9 ; 20,1 ; 20,6 ; 19,8 ; 19,5 ; NOP
31/05/2020 ; 16:04:24 ; 168,0 ; 2000,0 ; -10,2 ; 19,9 ; 20,1 ; 20,6 ; 19,8 ; 19,5 ; NOP
31/05/2020 ; 16:04:34 ; 169,3 ; 2000,0 ; -10,2 ; 20,0 ; 20,1 ; 20,6 ; 19,8 ; 19,5 ; NOP
31/05/2020 ; 16:04:44 ; 166,1 ; 2000,0 ; -10,1 ; 20,0 ; 20,1 ; 20,6 ; 19,8 ; 19,5 ; NOP
31/05/2020 ; 16:04:54 ; 168,0 ; 2000,0 ; -10,2 ; 20,0 ; 20,1 ; 20,6 ; 19,8 ; 19,5 ; NOP
31/05/2020 ; 16:05:04 ; 168,6 ; 2000,0 ; -10,2 ; 19,9 ; 20,1 ; 20,6 ; 19,8 ; 19,5 ; NOP
31/05/2020 ; 16:05:14 ; 168,0 ; 2000,0 ; -10,2 ; 20,0 ; 20,1 ; 20,6 ; 19,8 ; 19,5 ; NOP
31/05/2020 ; 16:05:24 ; 168,6 ; 2000,0 ; -10,1 ; 20,0 ; 20,1 ; 20,6 ; 19,8 ; 19,5 ; NOP
31/05/2020 ; 16:05:34 ; 166,1 ; 2000,0 ; -10,0 ; 20,0 ; 20,1 ; 20,6 ; 19,8 ; 19,5 ; NOP
31/05/2020 ; 16:05:44 ; 169,3 ; 2000,0 ; -10,2 ; 19,9 ; 20,1 ; 20,6 ; 19,8 ; 19,5 ; NOP
31/05/2020 ; 16:05:54 ; 166,1 ; 2000,0 ; -10,2 ; 19,9 ; 20,1 ; 20,6 ; 19,8 ; 19,5 ; NOP
31/05/2020 ; 16:06:04 ; 168,0 ; 2000,0 ; -10,0 ; 20,0 ; 20,1 ; 20,6 ; 19,8 ; 19,5 ; NOP
31/05/2020 ; 16:06:14 ; 169,6 ; 2000,0 ; -10,1 ; 19,9 ; 20,1 ; 20,6 ; 19,8 ; 19,5 ; NOP
31/05/2020 ; 16:06:24 ; 166,1 ; 2000,0 ; -10,2 ; 20,0 ; 20,1 ; 20,6 ; 19,8 ; 19,5 ; NOP
31/05/2020 ; 16:06:34 ; 166,1 ; 2000,0 ; -10,1 ; 19,9 ; 20,1 ; 20,6 ; 19,8 ; 19,5 ; NOP
31/05/2020 ; 16:06:44 ; 169,0 ; 2000,0 ; -10,1 ; 19,9 ; 20,1 ; 20,6 ; 19,8 ; 19,5 ; NOP
31/05/2020 ; 16:06:54 ; 169,6 ; 2000,0 ; -10,1 ; 19,9 ; 20,1 ; 20,6 ; 19,8 ; 19,5 ; NOP
31/05/2020 ; 16:07:04 ; 166,1 ; 2000,0 ; -10,1 ; 20,0 ; 20,1 ; 20,6 ; 19,8 ; 19,5 ; NOP
31/05/2020 ; 16:07:14 ; 166,1 ; 2000,0 ; -10,2 ; 20,0 ; 20,1 ; 20,6 ; 19,8 ; 19,5 ; NOP
31/05/2020 ; 16:07:24 ; 169,0 ; 2000,0 ; -10,3 ; 20,0 ; 20,1 ; 20,6 ; 19,8 ; 19,5 ; NOP
31/05/2020 ; 16:07:34 ; 169,6 ; 2000,0 ; -10,2 ; 20,0 ; 20,1 ; 20,6 ; 19,8 ; 19,5 ; NOP
31/05/2020 ; 16:07:44 ; 166,1 ; 2000,0 ; -10,1 ; 20,0 ; 20,1 ; 20,6 ; 19,8 ; 19,5 ; NOP
31/05/2020 ; 16:07:54 ; 169,6 ; 2000,0 ; -10,1 ; 20,0 ; 20,1 ; 20,6 ; 19,8 ; 19,5 ; NOP
31/05/2020 ; 16:08:04 ; 169,6 ; 2000,0 ; -10,2 ; 20,0 ; 20,1 ; 20,6 ; 19,8 ; 19,5 ; NOP
31/05/2020 ; 16:08:14 ; 166,1 ; 2000,0 ; -10,1 ; 20,0 ; 20,1 ; 20,6 ; 19,8 ; 19,5 ; NOP
31/05/2020 ; 16:08:24 ; 169,6 ; 2000,0 ; -10,2 ; 20,0 ; 20,1 ; 20,6 ; 19,8 ; 19,5 ; NOP
31/05/2020 ; 16:08:34 ; 169,6 ; 2000,0 ; -10,2 ; 20,0 ; 20,1 ; 20,6 ; 19,8 ; 19,5 ; NOP
31/05/2020 ; 16:08:44 ; 168,6 ; 2000,0 ; -10,1 ; 20,0 ; 20,1 ; 20,6 ; 19,8 ; 19,5 ; NOP
31/05/2020 ; 16:08:54 ; 168,6 ; 2000,0 ; -10,1 ; 20,0 ; 20,1 ; 20,6 ; 19,8 ; 19,5 ; NOP
31/05/2020 ; 16:09:04 ; 169,6 ; 2000,0 ; -10,1 ; 20,0 ; 20,1 ; 20,6 ; 19,8 ; 19,5 ; NOP
31/05/2020 ; 16:09:14 ; 168,0 ; 2000,0 ; -10,1 ; 20,0 ; 20,1 ; 20,6 ; 19,8 ; 19,5 ; NOP
31/05/2020 ; 16:09:24 ; 168,3 ; 2000,0 ; -10,1 ; 20,0 ; 20,1 ; 20,6 ; 19,8 ; 19,5 ; NOP
31/05/2020 ; 16:09:34 ; 166,1 ; 2000,0 ; -10,0 ; 20,0 ; 20,1 ; 20,6 ; 19,8 ; 19,5 ; NOP
31/05/2020 ; 16:09:44 ; 169,6 ; 2000,0 ; -10,1 ; 20,0 ; 20,1 ; 20,6 ; 19,8 ; 19,5 ; NOP
31/05/2020 ; 16:09:54 ; 169,6 ; 2000,0 ; -10,0 ; 20,0 ; 20,1 ; 20,6 ; 19,8 ; 19,5 ; NOP
31/05/2020 ; 16:10:04 ; 169,6 ; 2000,0 ; -10,1 ; 20,0 ; 20,1 ; 20,6 ; 19,8 ; 19,5 ; NOP
31/05/2020 ; 16:10:14 ; 169,3 ; 2000,0 ; -10,0 ; 20,0 ; 20,1 ; 20,6 ; 19,8 ; 19,5 ; NOP
31/05/2020 ; 16:10:24 ; 169,6 ; 2000,0 ; -10,2 ; 20,0 ; 20,1 ; 20,6 ; 19,8 ; 19,5 ; NOP
31/05/2020 ; 16:10:34 ; 169,6 ; 2000,0 ; -10,1 ; 20,0 ; 20,1 ; 20,6 ; 19,8 ; 19,5 ; NOP
31/05/2020 ; 16:10:44 ; 168,6 ; 2000,0 ; -10,1 ; 20,0 ; 20,1 ; 20,6 ; 19,8 ; 19,5 ; NOP
31/05/2020 ; 16:10:54 ; 168,6 ; 2000,0 ; -10,3 ; 20,0 ; 20,1 ; 20,6 ; 19,8 ; 19,5 ; NOP
31/05/2020 ; 16:11:04 ; 169,6 ; 2000,0 ; -10,1 ; 20,0 ; 20,1 ; 20,6 ; 19,8 ; 19,5 ; NOP
31/05/2020 ; 16:11:14 ; 168,0 ; 2000,0 ; -10,1 ; 20,0 ; 20,1 ; 20,6 ; 19,8 ; 19,5 ; NOP
31/05/2020 ; 16:11:24 ; 169,3 ; 2000,0 ; -10,0 ; 20,0 ; 20,1 ; 20,6 ; 19,8 ; 19,5 ; NOP
31/05/2020 ; 16:11:34 ; 169,3 ; 2000,0 ; -10,2 ; 20,0 ; 20,1 ; 20,6 ; 19,8 ; 19,5 ; NOP
31/05/2020 ; 16:11:44 ; 169,3 ; 2000,0 ; -10,1 ; 20,0 ; 20,1 ; 20,6 ; 19,8 ; 19,5 ; NOP
31/05/2020 ; 16:11:54 ; 165,8 ; 2000,0 ; -10,1 ; 20,0 ; 20,1 ; 20,6 ; 19,9 ; 19,5 ; NOP
31/05/2020 ; 16:12:04 ; 169,0 ; 2000,0 ; -10,3 ; 20,0 ; 20,1 ; 20,6 ; 19,9 ; 19,5 ; NOP
31/05/2020 ; 16:12:14 ; 166,1 ; 2000,0 ; -10,2 ; 20,0 ; 20,1 ; 20,6 ; 19,8 ; 19,5 ; NOP
31/05/2020 ; 16:12:24 ; 169,9 ; 2000,0 ; -10,1 ; 20,0 ; 20,1 ; 20,6 ; 19,8 ; 19,5 ; NOP
31/05/2020 ; 16:12:34 ; 166,1 ; 2000,0 ; -10,3 ; 20,0 ; 20,1 ; 20,6 ; 19,8 ; 19,5 ; NOP
31/05/2020 ; 16:12:44 ; 169,6 ; 2000,0 ; -10,2 ; 20,0 ; 20,1 ; 20,6 ; 19,9 ; 19,5 ; NOP
31/05/2020 ; 16:12:54 ; 168,0 ; 2000,0 ; -10,1 ; 20,0 ; 20,1 ; 20,6 ; 19,8 ; 19,5 ; NOP
31/05/2020 ; 16:13:04 ; 168,0 ; 2000,0 ; -10,0 ; 20,0 ; 20,1 ; 20,6 ; 19,9 ; 19,5 ; NOP
31/05/2020 ; 16:13:14 ; 169,6 ; 2000,0 ; -10,3 ; 20,0 ; 20,1 ; 20,6 ; 19,8 ; 19,5 ; NOP
31/05/2020 ; 16:13:24 ; 165,8 ; 2000,0 ; -10,2 ; 20,0 ; 20,1 ; 20,6 ; 19,8 ; 19,5 ; NOP
31/05/2020 ; 16:13:34 ; 166,1 ; 2000,0 ; -10,2 ; 20,0 ; 20,1 ; 20,6 ; 19,8 ; 19,5 ; NOP
31/05/2020 ; 16:13:44 ; 169,3 ; 2000,0 ; -10,1 ; 20,0 ; 20,1 ; 20,6 ; 19,8 ; 19,5 ; NOP
31/05/2020 ; 16:13:54 ; 169,3 ; 2000,0 ; -10,1 ; 20,0 ; 20,1 ; 20,6 ; 19,8 ; 19,5 ; NOP
31/05/2020 ; 16:14:04 ; 168,6 ; 2000,0 ; -10,1 ; 20,0 ; 20,1 ; 20,6 ; 19,8 ; 19,5 ; NOP
31/05/2020 ; 16:14:14 ; 166,1 ; 2000,0 ; -10,2 ; 20,0 ; 20,1 ; 20,6 ; 19,8 ; 19,5 ; NOP
31/05/2020 ; 16:14:24 ; 169,3 ; 2000,0 ; -10,3 ; 20,0 ; 20,1 ; 20,6 ; 19,8 ; 19,5 ; NOP
31/05/2020 ; 16:14:34 ; 166,1 ; 2000,0 ; -10,3 ; 20,0 ; 20,1 ; 20,6 ; 19,8 ; 19,5 ; NOP
31/05/2020 ; 16:14:44 ; 169,3 ; 2000,0 ; -10,1 ; 20,0 ; 20,1 ; 20,6 ; 19,8 ; 19,5 ; NOP
31/05/2020 ; 16:14:54 ; 166,1 ; 2000,0 ; -10,1 ; 20,0 ; 20,1 ; 20,6 ; 19,8 ; 19,5 ; NOP
31/05/2020 ; 16:15:04 ; 166,1 ; 2000,0 ; -10,1 ; 20,0 ; 20,1 ; 20,6 ; 19,8 ; 19,5 ; NOP
31/05/2020 ; 16:15:14 ; 169,9 ; 2000,0 ; -10,2 ; 20,0 ; 20,1 ; 20,6 ; 19,8 ; 19,5 ; NOP
31/05/2020 ; 16:15:24 ; 166,1 ; 2000,0 ; -10,2 ; 20,0 ; 20,1 ; 20,6 ; 19,8 ; 19,5 ; NOP
31/05/2020 ; 16:15:34 ; 169,3 ; 2000,0 ; -10,2 ; 20,0 ; 20,1 ; 20,6 ; 19,8 ; 19,5 ; NOP
31/05/2020 ; 16:15:44 ; 166,4 ; 2000,0 ; -10,1 ; 20,0 ; 20,1 ; 20,6 ; 19,8 ; 19,5 ; NOP
31/05/2020 ; 16:15:54 ; 166,1 ; 2000,0 ; -10,0 ; 20,0 ; 20,1 ; 20,6 ; 19,8 ; 19,5 ; NOP
31/05/2020 ; 16:16:04 ; 169,9 ; 2000,0 ; -10,1 ; 20,0 ; 20,1 ; 20,6 ; 19,8 ; 19,5 ; NOP
31/05/2020 ; 16:16:14 ; 166,1 ; 2000,0 ; -10,2 ; 20,0 ; 20,1 ; 20,6 ; 19,8 ; 19,5 ; NOP
31/05/2020 ; 16:16:24 ; 169,6 ; 2000,0 ; -10,2 ; 20,0 ; 20,1 ; 20,6 ; 19,8 ; 19,5 ; NOP
31/05/2020 ; 16:16:34 ; 166,1 ; 2000,0 ; -10,1 ; 20,0 ; 20,1 ; 20,6 ; 19,9 ; 19,5 ; NOP
31/05/2020 ; 16:16:44 ; 168,0 ; 2000,0 ; -10,1 ; 20,0 ; 20,1 ; 20,6 ; 19,8 ; 19,5 ; NOP
31/05/2020 ; 16:16:54 ; 168,0 ; 2000,0 ; -10,1 ; 20,0 ; 20,1 ; 20,6 ; 19,8 ; 19,5 ; NOP
31/05/2020 ; 16:17:04 ; 169,6 ; 2000,0 ; -10,1 ; 20,0 ; 20,1 ; 20,6 ; 19,9 ; 19,5 ; NOP
31/05/2020 ; 16:17:14 ; 165,8 ; 2000,0 ; -10,1 ; 20,0 ; 20,1 ; 20,6 ; 19,8 ; 19,5 ; NOP
31/05/2020 ; 16:17:24 ; 165,8 ; 2000,0 ; -10,1 ; 20,0 ; 20,1 ; 20,6 ; 19,9 ; 19,5 ; NOP
31/05/2020 ; 16:17:34 ; 166,1 ; 2000,0 ; -10,1 ; 20,0 ; 20,1 ; 20,6 ; 19,9 ; 19,5 ; NOP
31/05/2020 ; 16:17:44 ; 168,6 ; 2000,0 ; -10,1 ; 20,0 ; 20,1 ; 20,6 ; 19,9 ; 19,5 ; NOP
31/05/2020 ; 16:17:54 ; 169,3 ; 2000,0 ; -10,0 ; 20,0 ; 20,1 ; 20,6 ; 19,9 ; 19,5 ; NOP
31/05/2020 ; 16:18:04 ; 169,0 ; 2000,0 ; -10,1 ; 20,0 ; 20,1 ; 20,6 ; 19,9 ; 19,5 ; NOP
31/05/2020 ; 16:18:14 ; 169,3 ; 2000,0 ; -10,2 ; 20,0 ; 20,1 ; 20,6 ; 19,9 ; 19,5 ; NOP
31/05/2020 ; 16:18:24 ; 166,1 ; 2000,0 ; -10,2 ; 20,0 ; 20,1 ; 20,6 ; 19,9 ; 19,5 ; NOP
31/05/2020 ; 16:18:34 ; 169,0 ; 2000,0 ; -10,2 ; 20,0 ; 20,1 ; 20,6 ; 19,9 ; 19,5 ; NOP
31/05/2020 ; 16:18:44 ; 169,3 ; 2000,0 ; -10,2 ; 20,0 ; 20,1 ; 20,6 ; 19,9 ; 19,5 ; NOP
31/05/2020 ; 16:18:54 ; 169,0 ; 2000,0 ; -10,1 ; 20,0 ; 20,1 ; 20,6 ; 19,9 ; 19,5 ; NOP
31/05/2020 ; 16:19:04 ; 169,6 ; 2000,0 ; -10,1 ; 20,0 ; 20,1 ; 20,6 ; 19,8 ; 19,5 ; NOP
31/05/2020 ; 16:19:14 ; 168,6 ; 2000,0 ; -10,1 ; 20,0 ; 20,1 ; 20,6 ; 19,9 ; 19,5 ; NOP
31/05/2020 ; 16:19:24 ; 168,0 ; 2000,0 ; -10,1 ; 20,0 ; 20,1 ; 20,6 ; 19,9 ; 19,5 ; NOP
31/05/2020 ; 16:19:34 ; 169,3 ; 2000,0 ; -10,1 ; 20,0 ; 20,1 ; 20,6 ; 19,9 ; 19,5 ; NOP
31/05/2020 ; 16:19:44 ; 166,1 ; 2000,0 ; -10,1 ; 20,0 ; 20,1 ; 20,6 ; 19,9 ; 19,5 ; NOP
31/05/2020 ; 16:19:54 ; 169,6 ; 2000,0 ; -10,1 ; 20,0 ; 20,1 ; 20,6 ; 19,9 ; 19,5 ; NOP
31/05/2020 ; 16:20:04 ; 168,0 ; 2000,0 ; -10,1 ; 20,0 ; 20,1 ; 20,6 ; 19,8 ; 19,5 ; NOP
31/05/2020 ; 16:20:14 ; 169,3 ; 2000,0 ; -10,1 ; 20,0 ; 20,1 ; 20,6 ; 19,9 ; 19,5 ; NOP
31/05/2020 ; 16:20:24 ; 166,1 ; 2000,0 ; -10,2 ; 20,0 ; 20,1 ; 20,6 ; 19,8 ; 19,5 ; NOP
31/05/2020 ; 16:20:34 ; 168,0 ; 2000,0 ; -10,1 ; 20,0 ; 20,1 ; 20,6 ; 19,8 ; 19,5 ; NOP
31/05/2020 ; 16:20:44 ; 166,1 ; 2000,0 ; -10,1 ; 20,0 ; 20,1 ; 20,6 ; 19,9 ; 19,5 ; NOP
31/05/2020 ; 16:20:54 ; 165,8 ; 2000,0 ; -10,1 ; 20,0 ; 20,1 ; 20,6 ; 19,9 ; 19,5 ; NOP
31/05/2020 ; 16:21:04 ; 169,0 ; 2000,0 ; -10,1 ; 20,0 ; 20,1 ; 20,6 ; 19,9 ; 19,5 ; NOP
31/05/2020 ; 16:21:14 ; 168,0 ; 2000,0 ; -10,0 ; 20,0 ; 20,1 ; 20,6 ; 19,9 ; 19,5 ; NOP
31/05/2020 ; 16:21:24 ; 166,1 ; 2000,0 ; -10,1 ; 20,0 ; 20,1 ; 20,6 ; 19,9 ; 19,5 ; NOP
31/05/2020 ; 16:21:34 ; 169,3 ; 2000,0 ; -10,1 ; 20,0 ; 20,1 ; 20,6 ; 19,9 ; 19,5 ; NOP
31/05/2020 ; 16:21:44 ; 169,6 ; 2000,0 ; -10,1 ; 20,0 ; 20,1 ; 20,6 ; 19,9 ; 19,5 ; NOP
31/05/2020 ; 16:21:54 ; 168,0 ; 2000,0 ; -10,3 ; 20,0 ; 20,1 ; 20,6 ; 19,9 ; 19,5 ; NOP
31/05/2020 ; 16:22:04 ; 169,6 ; 2000,0 ; -10,1 ; 20,0 ; 20,1 ; 20,6 ; 19,9 ; 19,5 ; NOP
31/05/2020 ; 16:22:14 ; 166,1 ; 2000,0 ; -10,1 ; 20,0 ; 20,1 ; 20,6 ; 19,9 ; 19,5 ; NOP
31/05/2020 ; 16:22:24 ; 168,3 ; 2000,0 ; -10,2 ; 20,0 ; 20,1 ; 20,6 ; 19,9 ; 19,5 ; NOP
31/05/2020 ; 16:22:34 ; 169,3 ; 2000,0 ; -10,2 ; 20,0 ; 20,1 ; 20,6 ; 19,9 ; 19,5 ; NOP
31/05/2020 ; 16:22:44 ; 169,3 ; 2000,0 ; -10,1 ; 20,0 ; 20,1 ; 20,6 ; 19,9 ; 19,5 ; NOP
31/05/2020 ; 16:22:54 ; 168,6 ; 2000,0 ; -10,2 ; 20,0 ; 20,1 ; 20,6 ; 19,9 ; 19,5 ; NOP
31/05/2020 ; 16:23:04 ; 169,9 ; 2000,0 ; -10,0 ; 20,0 ; 20,1 ; 20,6 ; 19,8 ; 19,5 ; NOP
31/05/2020 ; 16:23:14 ; 166,1 ; 2000,0 ; -10,1 ; 20,0 ; 20,1 ; 20,6 ; 19,9 ; 19,5 ; NOP
31/05/2020 ; 16:23:24 ; 168,0 ; 2000,0 ; -10,1 ; 20,0 ; 20,1 ; 20,6 ; 19,9 ; 19,5 ; NOP
31/05/2020 ; 16:23:34 ; 166,1 ; 2000,0 ; -10,1 ; 20,0 ; 20,1 ; 20,6 ; 19,9 ; 19,5 ; NOP
31/05/2020 ; 16:23:44 ; 168,6 ; 2000,0 ; -10,3 ; 20,0 ; 20,1 ; 20,6 ; 19,9 ; 19,5 ; NOP
31/05/2020 ; 16:23:54 ; 168,3 ; 2000,0 ; -10,0 ; 20,0 ; 20,1 ; 20,6 ; 19,9 ; 19,5 ; NOP
31/05/2020 ; 16:24:04 ; 166,4 ; 2000,0 ; -10,3 ; 20,0 ; 20,1 ; 20,6 ; 19,9 ; 19,5 ; NOP
31/05/2020 ; 16:24:14 ; 169,0 ; 2000,0 ; -10,2 ; 20,0 ; 20,1 ; 20,6 ; 19,9 ; 19,5 ; NOP
31/05/2020 ; 16:24:24 ; 169,0 ; 2000,0 ; -10,1 ; 20,0 ; 20,1 ; 20,6 ; 19,9 ; 19,5 ; NOP
31/05/2020 ; 16:24:34 ; 169,0 ; 2000,0 ; -10,1 ; 20,0 ; 20,1 ; 20,6 ; 19,9 ; 19,5 ; NOP
31/05/2020 ; 16:24:44 ; 166,4 ; 2000,0 ; -10,1 ; 20,0 ; 20,1 ; 20,6 ; 19,9 ; 19,5 ; NOP
31/05/2020 ; 16:24:54 ; 168,0 ; 2000,0 ; -10,1 ; 20,0 ; 20,1 ; 20,6 ; 19,9 ; 19,5 ; NOP
31/05/2020 ; 16:25:04 ; 169,6 ; 2000,0 ; -10,2 ; 20,0 ; 20,1 ; 20,6 ; 19,9 ; 19,5 ; NOP
31/05/2020 ; 16:25:14 ; 169,6 ; 2000,0 ; -10,1 ; 20,0 ; 20,1 ; 20,6 ; 19,9 ; 19,5 ; NOP
31/05/2020 ; 16:25:24 ; 166,1 ; 2000,0 ; -10,0 ; 20,0 ; 20,1 ; 20,6 ; 19,9 ; 19,5 ; NOP
31/05/2020 ; 16:25:34 ; 166,1 ; 2000,0 ; -10,0 ; 20,0 ; 20,1 ; 20,6 ; 19,9 ; 19,5 ; NOP
31/05/2020 ; 16:25:44 ; 169,6 ; 2000,0 ; -10,1 ; 20,0 ; 20,1 ; 20,6 ; 19,9 ; 19,5 ; NOP
31/05/2020 ; 16:25:54 ; 166,1 ; 2000,0 ; -10,0 ; 20,0 ; 20,1 ; 20,6 ; 19,9 ; 19,5 ; NOP
31/05/2020 ; 16:26:04 ; 169,6 ; 2000,0 ; -10,1 ; 20,0 ; 20,1 ; 20,6 ; 19,9 ; 19,5 ; NOP
31/05/2020 ; 16:26:14 ; 169,6 ; 2000,0 ; -10,1 ; 20,0 ; 20,1 ; 20,6 ; 19,9 ; 19,5 ; NOP
31/05/2020 ; 16:26:24 ; 166,1 ; 2000,0 ; -10,1 ; 20,0 ; 20,1 ; 20,6 ; 19,9 ; 19,5 ; NOP
31/05/2020 ; 16:26:34 ; 166,1 ; 2000,0 ; -10,1 ; 20,0 ; 20,1 ; 20,6 ; 19,9 ; 19,5 ; NOP
31/05/2020 ; 16:26:44 ; 169,9 ; 2000,0 ; -10,1 ; 20,0 ; 20,1 ; 20,6 ; 19,9 ; 19,5 ; NOP
31/05/2020 ; 16:26:54 ; 166,1 ; 2000,0 ; -10,1 ; 20,0 ; 20,1 ; 20,6 ; 19,9 ; 19,5 ; NOP
31/05/2020 ; 16:27:04 ; 166,1 ; 2000,0 ; -10,1 ; 20,0 ; 20,1 ; 20,6 ; 19,9 ; 19,5 ; NOP
31/05/2020 ; 16:27:14 ; 169,6 ; 2000,0 ; -10,1 ; 20,0 ; 20,2 ; 20,6 ; 19,9 ; 19,5 ; NOP
31/05/2020 ; 16:27:24 ; 169,6 ; 2000,0 ; -10,1 ; 20,0 ; 20,2 ; 20,6 ; 19,9 ; 19,5 ; NOP
31/05/2020 ; 16:27:34 ; 166,1 ; 2000,0 ; -10,2 ; 20,0 ; 20,1 ; 20,6 ; 19,9 ; 19,5 ; NOP
31/05/2020 ; 16:27:44 ; 168,6 ; 2000,0 ; -10,0 ; 20,0 ; 20,1 ; 20,6 ; 19,9 ; 19,5 ; NOP
31/05/2020 ; 16:27:54 ; 169,6 ; 2000,0 ; -10,2 ; 20,0 ; 20,1 ; 20,6 ; 19,9 ; 19,5 ; NOP
31/05/2020 ; 16:28:04 ; 169,3 ; 2000,0 ; -10,0 ; 20,0 ; 20,1 ; 20,6 ; 19,9 ; 19,5 ; NOP
31/05/2020 ; 16:28:14 ; 169,6 ; 2000,0 ; -10,1 ; 20,0 ; 20,1 ; 20,6 ; 19,9 ; 19,5 ; NOP
31/05/2020 ; 16:28:24 ; 166,1 ; 2000,0 ; -10,1 ; 20,0 ; 20,1 ; 20,6 ; 19,9 ; 19,5 ; NOP
31/05/2020 ; 16:28:34 ; 169,6 ; 2000,0 ; -10,2 ; 20,0 ; 20,2 ; 20,6 ; 19,9 ; 19,5 ; NOP
31/05/2020 ; 16:28:44 ; 169,6 ; 2000,0 ; -10,0 ; 20,0 ; 20,2 ; 20,6 ; 19,9 ; 19,5 ; NOP
31/05/2020 ; 16:28:54 ; 169,6 ; 2000,0 ; -10,1 ; 20,0 ; 20,1 ; 20,6 ; 19,9 ; 19,5 ; NOP
31/05/2020 ; 16:29:04 ; 169,6 ; 2000,0 ; -10,1 ; 20,0 ; 20,1 ; 20,6 ; 19,9 ; 19,5 ; NOP
31/05/2020 ; 16:29:14 ; 169,6 ; 2000,0 ; -10,2 ; 20,0 ; 20,1 ; 20,6 ; 19,9 ; 19,5 ; NOP
31/05/2020 ; 16:29:24 ; 165,8 ; 2000,0 ; -10,1 ; 20,0 ; 20,1 ; 20,6 ; 19,9 ; 19,5 ; NOP
31/05/2020 ; 16:29:34 ; 166,1 ; 2000,0 ; -10,2 ; 20,0 ; 20,1 ; 20,6 ; 19,9 ; 19,5 ; NOP
31/05/2020 ; 16:29:44 ; 169,3 ; 2000,0 ; -10,0 ; 20,0 ; 20,1 ; 20,6 ; 19,9 ; 19,5 ; NOP
31/05/2020 ; 16:29:54 ; 169,6 ; 2000,0 ; -10,2 ; 20,0 ; 20,1 ; 20,6 ; 19,9 ; 19,5 ; NOP
31/05/2020 ; 16:30:04 ; 166,1 ; 2000,0 ; -10,1 ; 20,0 ; 20,2 ; 20,6 ; 19,9 ; 19,5 ; NOP
31/05/2020 ; 16:30:14 ; 166,1 ; 2000,0 ; -10,1 ; 20,0 ; 20,1 ; 20,6 ; 19,9 ; 19,5 ; NOP
31/05/2020 ; 16:30:24 ; 169,6 ; 2000,0 ; -10,2 ; 20,0 ; 20,1 ; 20,6 ; 19,9 ; 19,5 ; NOP
31/05/2020 ; 16:30:34 ; 169,6 ; 2000,0 ; -10,0 ; 20,0 ; 20,1 ; 20,6 ; 19,9 ; 19,5 ; NOP
31/05/2020 ; 16:30:44 ; 165,8 ; 2000,0 ; -10,2 ; 20,0 ; 20,1 ; 20,6 ; 19,9 ; 19,5 ; NOP
31/05/2020 ; 16:30:54 ; 169,6 ; 2000,0 ; -10,1 ; 20,0 ; 20,1 ; 20,6 ; 19,9 ; 19,5 ; NOP
31/05/2020 ; 16:31:04 ; 166,1 ; 2000,0 ; -10,0 ; 20,0 ; 20,1 ; 20,6 ; 19,9 ; 19,5 ; NOP
31/05/2020 ; 16:31:14 ; 169,0 ; 2000,0 ; -10,1 ; 20,0 ; 20,2 ; 20,6 ; 19,9 ; 19,5 ; NOP
31/05/2020 ; 16:31:24 ; 166,1 ; 2000,0 ; -10,2 ; 20,0 ; 20,1 ; 20,6 ; 19,9 ; 19,5 ; NOP
31/05/2020 ; 16:31:34 ; 169,0 ; 2000,0 ; -10,3 ; 20,0 ; 20,1 ; 20,6 ; 19,9 ; 19,6 ; NOP
31/05/2020 ; 16:31:44 ; 168,0 ; 2000,0 ; -10,1 ; 20,0 ; 20,1 ; 20,6 ; 19,9 ; 19,5 ; NOP
31/05/2020 ; 16:31:54 ; 168,0 ; 2000,0 ; -10,2 ; 20,0 ; 20,1 ; 20,6 ; 19,9 ; 19,5 ; NOP
31/05/2020 ; 16:32:04 ; 168,0 ; 2000,0 ; -10,1 ; 20,0 ; 20,1 ; 20,7 ; 19,9 ; 19,5 ; NOP
31/05/2020 ; 16:32:14 ; 169,6 ; 2000,0 ; -10,0 ; 20,0 ; 20,1 ; 20,6 ; 19,9 ; 19,5 ; NOP
31/05/2020 ; 16:32:24 ; 169,3 ; 2000,0 ; -10,0 ; 20,0 ; 20,2 ; 20,6 ; 19,9 ; 19,5 ; NOP
31/05/2020 ; 16:32:34 ; 168,3 ; 2000,0 ; -10,1 ; 20,0 ; 20,1 ; 20,7 ; 19,9 ; 19,5 ; NOP
31/05/2020 ; 16:32:44 ; 168,6 ; 2000,0 ; -10,1 ; 20,0 ; 20,2 ; 20,6 ; 19,9 ; 19,5 ; NOP
31/05/2020 ; 16:32:54 ; 168,6 ; 2000,0 ; -10,0 ; 20,0 ; 20,2 ; 20,6 ; 19,9 ; 19,6 ; NOP
31/05/2020 ; 16:33:04 ; 169,6 ; 2000,0 ; -10,1 ; 20,0 ; 20,1 ; 20,6 ; 19,9 ; 19,5 ; NOP
31/05/2020 ; 16:33:14 ; 166,1 ; 2000,0 ; -10,2 ; 20,0 ; 20,1 ; 20,6 ; 19,9 ; 19,6 ; NOP
31/05/2020 ; 16:33:24 ; 169,0 ; 2000,0 ; -10,2 ; 20,0 ; 20,1 ; 20,6 ; 19,9 ; 19,5 ; NOP
31/05/2020 ; 16:33:34 ; 169,3 ; 2000,0 ; -10,1 ; 20,0 ; 20,2 ; 20,6 ; 19,9 ; 19,5 ; NOP
31/05/2020 ; 16:33:44 ; 169,3 ; 2000,0 ; -10,2 ; 20,0 ; 20,1 ; 20,6 ; 19,9 ; 19,5 ; NOP
31/05/2020 ; 16:33:54 ; 166,1 ; 2000,0 ; -10,2 ; 20,0 ; 20,2 ; 20,7 ; 19,9 ; 19,5 ; NOP
31/05/2020 ; 16:34:04 ; 169,3 ; 2000,0 ; -10,3 ; 20,0 ; 20,1 ; 20,6 ; 19,9 ; 19,5 ; NOP
31/05/2020 ; 16:34:14 ; 170,2 ; 2000,0 ; -10,1 ; 20,0 ; 20,2 ; 20,7 ; 19,9 ; 19,5 ; NOP
31/05/2020 ; 16:34:24 ; 170,6 ; 2000,0 ; -10,2 ; 20,0 ; 20,1 ; 20,6 ; 19,9 ; 19,6 ; NOP
31/05/2020 ; 16:34:34 ; 168,0 ; 2000,0 ; -10,2 ; 20,0 ; 20,1 ; 20,7 ; 19,9 ; 19,5 ; NOP
31/05/2020 ; 16:34:44 ; 169,0 ; 2000,0 ; -10,1 ; 20,0 ; 20,1 ; 20,7 ; 19,9 ; 19,5 ; NOP
31/05/2020 ; 16:34:54 ; 168,3 ; 2000,0 ; -10,2 ; 20,0 ; 20,2 ; 20,7 ; 19,9 ; 19,5 ; NOP
31/05/2020 ; 16:35:04 ; 168,0 ; 2000,0 ; -10,1 ; 20,0 ; 20,1 ; 20,6 ; 19,9 ; 19,5 ; NOP
31/05/2020 ; 16:35:14 ; 169,6 ; 2000,0 ; -10,2 ; 20,0 ; 20,1 ; 20,7 ; 19,9 ; 19,5 ; NOP
31/05/2020 ; 16:35:24 ; 169,3 ; 2000,0 ; -10,2 ; 20,0 ; 20,2 ; 20,6 ; 19,9 ; 19,5 ; NOP
31/05/2020 ; 16:35:34 ; 166,1 ; 2000,0 ; -10,1 ; 20,0 ; 20,1 ; 20,7 ; 19,9 ; 19,5 ; NOP
31/05/2020 ; 16:35:44 ; 168,6 ; 2000,0 ; -10,2 ; 20,0 ; 20,1 ; 20,6 ; 19,9 ; 19,5 ; NOP
31/05/2020 ; 16:35:54 ; 169,6 ; 2000,0 ; -10,1 ; 20,0 ; 20,1 ; 20,6 ; 19,9 ; 19,5 ; NOP
31/05/2020 ; 16:36:04 ; 169,3 ; 2000,0 ; -10,1 ; 20,0 ; 20,2 ; 20,6 ; 19,9 ; 19,6 ; NOP
31/05/2020 ; 16:36:14 ; 169,3 ; 2000,0 ; -10,2 ; 20,0 ; 20,2 ; 20,6 ; 19,9 ; 19,5 ; NOP
31/05/2020 ; 16:36:24 ; 166,1 ; 2000,0 ; -10,1 ; 20,0 ; 20,2 ; 20,6 ; 19,9 ; 19,5 ; NOP
31/05/2020 ; 16:36:34 ; 168,0 ; 2000,0 ; -10,1 ; 20,0 ; 20,2 ; 20,7 ; 19,9 ; 19,5 ; NOP
31/05/2020 ; 16:36:44 ; 168,6 ; 2000,0 ; -10,0 ; 20,0 ; 20,2 ; 20,7 ; 19,9 ; 19,6 ; NOP
31/05/2020 ; 16:36:54 ; 166,1 ; 2000,0 ; -10,2 ; 20,0 ; 20,1 ; 20,7 ; 19,9 ; 19,6 ; NOP
31/05/2020 ; 16:37:04 ; 166,1 ; 2000,0 ; -10,1 ; 20,0 ; 20,2 ; 20,7 ; 19,9 ; 19,5 ; NOP
31/05/2020 ; 16:37:14 ; 169,0 ; 2000,0 ; -10,2 ; 20,0 ; 20,2 ; 20,6 ; 19,9 ; 19,5 ; NOP
31/05/2020 ; 16:37:24 ; 165,8 ; 2000,0 ; -10,0 ; 20,0 ; 20,2 ; 20,7 ; 19,9 ; 19,5 ; NOP
31/05/2020 ; 16:37:34 ; 169,6 ; 2000,0 ; -10,2 ; 20,0 ; 20,2 ; 20,6 ; 19,9 ; 19,5 ; NOP
31/05/2020 ; 16:37:44 ; 166,1 ; 2000,0 ; -10,1 ; 20,0 ; 20,2 ; 20,6 ; 19,9 ; 19,5 ; NOP
31/05/2020 ; 16:37:54 ; 168,6 ; 2000,0 ; -10,1 ; 20,0 ; 20,2 ; 20,7 ; 19,9 ; 19,5 ; NOP
31/05/2020 ; 16:38:04 ; 168,0 ; 2000,0 ; -10,1 ; 20,0 ; 20,2 ; 20,7 ; 19,9 ; 19,6 ; NOP
31/05/2020 ; 16:38:14 ; 166,1 ; 2000,0 ; -10,1 ; 20,0 ; 20,1 ; 20,7 ; 19,9 ; 19,5 ; NOP
31/05/2020 ; 16:38:24 ; 166,1 ; 2000,0 ; -10,1 ; 20,0 ; 20,2 ; 20,7 ; 19,9 ; 19,5 ; NOP
31/05/2020 ; 16:38:34 ; 169,3 ; 2000,0 ; -10,1 ; 20,0 ; 20,2 ; 20,6 ; 19,9 ; 19,5 ; NOP
31/05/2020 ; 16:38:44 ; 169,6 ; 2000,0 ; -10,1 ; 20,0 ; 20,2 ; 20,7 ; 19,9 ; 19,6 ; NOP
31/05/2020 ; 16:38:54 ; 169,3 ; 2000,0 ; -10,0 ; 20,0 ; 20,2 ; 20,7 ; 19,9 ; 19,6 ; NOP
31/05/2020 ; 16:39:04 ; 169,6 ; 2000,0 ; -10,1 ; 20,0 ; 20,2 ; 20,7 ; 19,9 ; 19,5 ; NOP
31/05/2020 ; 16:39:14 ; 169,3 ; 2000,0 ; -10,1 ; 20,0 ; 20,2 ; 20,7 ; 19,9 ; 19,6 ; NOP
31/05/2020 ; 16:39:24 ; 166,1 ; 2000,0 ; -10,0 ; 20,0 ; 20,2 ; 20,7 ; 19,9 ; 19,6 ; NOP
31/05/2020 ; 16:39:34 ; 168,0 ; 2000,0 ; -10,2 ; 20,0 ; 20,2 ; 20,7 ; 19,9 ; 19,6 ; NOP
31/05/2020 ; 16:39:44 ; 168,3 ; 2000,0 ; -10,1 ; 20,0 ; 20,2 ; 20,7 ; 19,9 ; 19,6 ; NOP
31/05/2020 ; 16:39:54 ; 169,6 ; 2000,0 ; -10,2 ; 20,0 ; 20,2 ; 20,7 ; 19,9 ; 19,6 ; NOP
31/05/2020 ; 16:40:04 ; 169,6 ; 2000,0 ; -10,2 ; 20,0 ; 20,2 ; 20,6 ; 19,9 ; 19,6 ; NOP
31/05/2020 ; 16:40:14 ; 169,6 ; 2000,0 ; -10,2 ; 20,0 ; 20,2 ; 20,7 ; 19,9 ; 19,6 ; NOP
31/05/2020 ; 16:40:24 ; 169,3 ; 2000,0 ; -10,3 ; 20,0 ; 20,2 ; 20,7 ; 19,9 ; 19,6 ; NOP
31/05/2020 ; 16:40:34 ; 169,6 ; 2000,0 ; -10,2 ; 20,0 ; 20,2 ; 20,7 ; 19,9 ; 19,6 ; NOP
31/05/2020 ; 16:40:44 ; 169,6 ; 2000,0 ; -10,1 ; 20,0 ; 20,2 ; 20,7 ; 19,9 ; 19,6 ; NOP
31/05/2020 ; 16:40:54 ; 169,6 ; 2000,0 ; -10,0 ; 20,0 ; 20,2 ; 20,7 ; 19,9 ; 19,6 ; NOP
31/05/2020 ; 16:41:04 ; 170,2 ; 2000,0 ; -10,2 ; 20,0 ; 20,2 ; 20,7 ; 19,9 ; 19,5 ; NOP
31/05/2020 ; 16:41:14 ; 169,0 ; 2000,0 ; -10,1 ; 20,0 ; 20,2 ; 20,7 ; 19,9 ; 19,5 ; NOP
31/05/2020 ; 16:41:24 ; 168,0 ; 2000,0 ; -10,1 ; 20,0 ; 20,1 ; 20,7 ; 19,9 ; 19,6 ; NOP
31/05/2020 ; 16:41:34 ; 169,6 ; 2000,0 ; -10,1 ; 20,0 ; 20,2 ; 20,6 ; 19,9 ; 19,6 ; NOP
31/05/2020 ; 16:41:44 ; 169,6 ; 2000,0 ; -10,1 ; 20,0 ; 20,2 ; 20,7 ; 19,9 ; 19,6 ; NOP
31/05/2020 ; 16:41:54 ; 166,1 ; 2000,0 ; -10,1 ; 20,0 ; 20,1 ; 20,7 ; 19,9 ; 19,6 ; NOP
31/05/2020 ; 16:42:04 ; 169,6 ; 2000,0 ; -10,0 ; 20,0 ; 20,2 ; 20,7 ; 19,9 ; 19,6 ; NOP
31/05/2020 ; 16:42:14 ; 169,0 ; 2000,0 ; -10,2 ; 20,0 ; 20,2 ; 20,6 ; 19,9 ; 19,6 ; NOP
31/05/2020 ; 16:42:24 ; 169,6 ; 2000,0 ; -10,1 ; 20,0 ; 20,2 ; 20,6 ; 19,9 ; 19,6 ; NOP
31/05/2020 ; 16:42:34 ; 169,6 ; 2000,0 ; -10,1 ; 20,0 ; 20,2 ; 20,7 ; 19,9 ; 19,6 ; NOP
31/05/2020 ; 16:42:44 ; 166,1 ; 2000,0 ; -10,1 ; 20,0 ; 20,2 ; 20,7 ; 19,9 ; 19,6 ; NOP
31/05/2020 ; 16:42:54 ; 168,0 ; 2000,0 ; -10,2 ; 20,0 ; 20,2 ; 20,7 ; 19,9 ; 19,6 ; NOP
31/05/2020 ; 16:43:04 ; 166,1 ; 2000,0 ; -10,3 ; 20,0 ; 20,2 ; 20,6 ; 19,9 ; 19,6 ; NOP
31/05/2020 ; 16:43:14 ; 169,6 ; 2000,0 ; -10,1 ; 20,0 ; 20,2 ; 20,7 ; 19,9 ; 19,6 ; NOP
31/05/2020 ; 16:43:24 ; 169,3 ; 2000,0 ; -10,0 ; 20,0 ; 20,2 ; 20,7 ; 19,9 ; 19,6 ; NOP
31/05/2020 ; 16:43:34 ; 166,1 ; 2000,0 ; -10,2 ; 20,0 ; 20,2 ; 20,7 ; 19,9 ; 19,6 ; NOP
31/05/2020 ; 16:43:44 ; 168,0 ; 2000,0 ; -10,2 ; 20,0 ; 20,2 ; 20,7 ; 19,9 ; 19,6 ; NOP
31/05/2020 ; 16:43:54 ; 165,8 ; 2000,0 ; -10,1 ; 20,0 ; 20,2 ; 20,7 ; 19,9 ; 19,6 ; NOP
31/05/2020 ; 16:44:04 ; 166,1 ; 2000,0 ; -10,2 ; 20,0 ; 20,2 ; 20,7 ; 19,9 ; 19,6 ; NOP
31/05/2020 ; 16:44:14 ; 166,1 ; 2000,0 ; -10,2 ; 20,0 ; 20,2 ; 20,7 ; 19,9 ; 19,6 ; NOP
31/05/2020 ; 16:44:24 ; 165,8 ; 2000,0 ; -10,1 ; 20,0 ; 20,2 ; 20,7 ; 19,9 ; 19,6 ; NOP
31/05/2020 ; 16:44:34 ; 166,1 ; 2000,0 ; -10,1 ; 20,0 ; 20,2 ; 20,7 ; 19,9 ; 19,6 ; NOP
31/05/2020 ; 16:44:44 ; 169,3 ; 2000,0 ; -10,1 ; 20,0 ; 20,2 ; 20,6 ; 19,9 ; 19,6 ; NOP
31/05/2020 ; 16:44:54 ; 168,0 ; 2000,0 ; -10,1 ; 20,0 ; 20,2 ; 20,7 ; 19,9 ; 19,6 ; NOP
31/05/2020 ; 16:45:04 ; 168,0 ; 2000,0 ; -10,1 ; 20,0 ; 20,2 ; 20,7 ; 19,9 ; 19,6 ; NOP
31/05/2020 ; 16:45:14 ; 169,6 ; 2000,0 ; -10,2 ; 20,0 ; 20,2 ; 20,7 ; 19,9 ; 19,6 ; NOP
31/05/2020 ; 16:45:24 ; 169,6 ; 2000,0 ; -10,2 ; 20,0 ; 20,2 ; 20,7 ; 19,9 ; 19,6 ; NOP
31/05/2020 ; 16:45:34 ; 169,6 ; 2000,0 ; -10,2 ; 20,0 ; 20,2 ; 20,7 ; 19,9 ; 19,6 ; NOP
31/05/2020 ; 16:45:44 ; 166,4 ; 2000,0 ; -10,1 ; 20,0 ; 20,2 ; 20,7 ; 19,9 ; 19,6 ; NOP
31/05/2020 ; 16:45:54 ; 169,6 ; 2000,0 ; -10,2 ; 20,0 ; 20,2 ; 20,7 ; 19,9 ; 19,6 ; NOP
31/05/2020 ; 16:46:04 ; 169,0 ; 2000,0 ; -10,1 ; 20,0 ; 20,2 ; 20,7 ; 19,9 ; 19,6 ; NOP
31/05/2020 ; 16:46:14 ; 168,6 ; 2000,0 ; -10,2 ; 20,0 ; 20,2 ; 20,7 ; 19,9 ; 19,6 ; NOP
31/05/2020 ; 16:46:24 ; 166,1 ; 2000,0 ; -10,1 ; 20,0 ; 20,2 ; 20,7 ; 19,9 ; 19,6 ; NOP
31/05/2020 ; 16:46:34 ; 168,0 ; 2000,0 ; -10,1 ; 20,0 ; 20,2 ; 20,7 ; 19,9 ; 19,6 ; NOP
31/05/2020 ; 16:46:44 ; 166,1 ; 2000,0 ; -10,1 ; 20,0 ; 20,2 ; 20,7 ; 19,9 ; 19,6 ; NOP
31/05/2020 ; 16:46:54 ; 169,0 ; 2000,0 ; -10,0 ; 20,0 ; 20,2 ; 20,7 ; 19,9 ; 19,6 ; NOP
31/05/2020 ; 16:47:04 ; 169,6 ; 2000,0 ; -10,2 ; 20,1 ; 20,2 ; 20,7 ; 19,9 ; 19,6 ; NOP
31/05/2020 ; 16:47:14 ; 165,8 ; 2000,0 ; -10,1 ; 20,0 ; 20,2 ; 20,7 ; 19,9 ; 19,6 ; NOP
31/05/2020 ; 16:47:24 ; 169,3 ; 2000,0 ; -10,1 ; 20,0 ; 20,2 ; 20,7 ; 19,9 ; 19,6 ; NOP
31/05/2020 ; 16:47:34 ; 168,6 ; 2000,0 ; -10,0 ; 20,0 ; 20,2 ; 20,7 ; 19,9 ; 19,6 ; NOP
31/05/2020 ; 16:47:44 ; 169,6 ; 2000,0 ; -10,2 ; 20,0 ; 20,2 ; 20,7 ; 19,9 ; 19,6 ; NOP
31/05/2020 ; 16:47:54 ; 166,1 ; 2000,0 ; -10,2 ; 20,1 ; 20,2 ; 20,7 ; 19,9 ; 19,6 ; NOP
31/05/2020 ; 16:48:04 ; 168,0 ; 2000,0 ; -10,3 ; 20,0 ; 20,2 ; 20,7 ; 19,9 ; 19,6 ; NOP
31/05/2020 ; 16:48:14 ; 166,1 ; 2000,0 ; -10,1 ; 20,0 ; 20,2 ; 20,7 ; 19,9 ; 19,6 ; NOP
31/05/2020 ; 16:48:24 ; 169,3 ; 2000,0 ; -10,0 ; 20,0 ; 20,2 ; 20,7 ; 19,9 ; 19,6 ; NOP
31/05/2020 ; 16:48:34 ; 166,1 ; 2000,0 ; -10,1 ; 20,0 ; 20,2 ; 20,7 ; 19,9 ; 19,6 ; NOP
31/05/2020 ; 16:48:44 ; 168,6 ; 2000,0 ; -10,3 ; 20,0 ; 20,2 ; 20,7 ; 19,9 ; 19,6 ; NOP
31/05/2020 ; 16:48:54 ; 169,6 ; 2000,0 ; -10,1 ; 20,0 ; 20,2 ; 20,7 ; 19,9 ; 19,6 ; NOP
31/05/2020 ; 16:49:04 ; 169,3 ; 2000,0 ; -10,2 ; 20,0 ; 20,2 ; 20,7 ; 19,9 ; 19,6 ; NOP
31/05/2020 ; 16:49:14 ; 169,6 ; 2000,0 ; -10,1 ; 20,0 ; 20,2 ; 20,7 ; 19,9 ; 19,6 ; NOP
31/05/2020 ; 16:49:24 ; 169,3 ; 2000,0 ; -10,2 ; 20,0 ; 20,2 ; 20,7 ; 19,9 ; 19,6 ; NOP
31/05/2020 ; 16:49:34 ; 166,4 ; 2000,0 ; -10,2 ; 20,0 ; 20,2 ; 20,7 ; 19,9 ; 19,6 ; NOP
31/05/2020 ; 16:49:44 ; 169,6 ; 2000,0 ; -10,0 ; 20,0 ; 20,2 ; 20,7 ; 19,9 ; 19,6 ; NOP
31/05/2020 ; 16:49:54 ; 168,6 ; 2000,0 ; -10,2 ; 20,0 ; 20,2 ; 20,7 ; 19,9 ; 19,6 ; NOP
31/05/2020 ; 16:50:04 ; 169,3 ; 2000,0 ; -10,1 ; 20,0 ; 20,2 ; 20,7 ; 19,9 ; 19,6 ; NOP
31/05/2020 ; 16:50:14 ; 168,6 ; 2000,0 ; -10,2 ; 20,0 ; 20,2 ; 20,7 ; 19,9 ; 19,6 ; NOP
31/05/2020 ; 16:50:24 ; 169,6 ; 2000,0 ; -10,2 ; 20,0 ; 20,2 ; 20,7 ; 19,9 ; 19,6 ; NOP
31/05/2020 ; 16:50:34 ; 166,1 ; 2000,0 ; -10,1 ; 20,0 ; 20,2 ; 20,7 ; 19,9 ; 19,6 ; NOP
31/05/2020 ; 16:50:44 ; 166,1 ; 2000,0 ; -10,2 ; 20,0 ; 20,2 ; 20,7 ; 19,9 ; 19,6 ; NOP
31/05/2020 ; 16:50:54 ; 168,0 ; 2000,0 ; -10,2 ; 20,1 ; 20,2 ; 20,7 ; 19,9 ; 19,6 ; NOP
31/05/2020 ; 16:51:04 ; 169,6 ; 2000,0 ; -10,2 ; 20,0 ; 20,2 ; 20,7 ; 19,9 ; 19,6 ; NOP
31/05/2020 ; 16:51:14 ; 169,3 ; 2000,0 ; -10,1 ; 20,1 ; 20,2 ; 20,7 ; 19,9 ; 19,6 ; NOP
31/05/2020 ; 16:51:24 ; 166,1 ; 2000,0 ; -10,1 ; 20,1 ; 20,2 ; 20,7 ; 19,9 ; 19,6 ; NOP
31/05/2020 ; 16:51:34 ; 169,6 ; 2000,0 ; -10,0 ; 20,0 ; 20,2 ; 20,7 ; 19,9 ; 19,6 ; NOP
31/05/2020 ; 16:51:44 ; 169,3 ; 2000,0 ; -10,2 ; 20,0 ; 20,2 ; 20,7 ; 19,9 ; 19,6 ; NOP
31/05/2020 ; 16:51:54 ; 168,0 ; 2000,0 ; -10,0 ; 20,1 ; 20,2 ; 20,7 ; 19,9 ; 19,6 ; NOP
31/05/2020 ; 16:52:04 ; 169,6 ; 2000,0 ; -10,2 ; 20,1 ; 20,2 ; 20,7 ; 19,9 ; 19,6 ; NOP
31/05/2020 ; 16:52:14 ; 166,1 ; 2000,0 ; -10,1 ; 20,1 ; 20,2 ; 20,7 ; 19,9 ; 19,6 ; NOP
31/05/2020 ; 16:52:24 ; 169,6 ; 2000,0 ; -10,1 ; 20,0 ; 20,2 ; 20,7 ; 19,9 ; 19,6 ; NOP
31/05/2020 ; 16:52:34 ; 169,0 ; 2000,0 ; -10,2 ; 20,1 ; 20,2 ; 20,7 ; 19,9 ; 19,6 ; NOP
31/05/2020 ; 16:52:44 ; 166,1 ; 2000,0 ; -10,2 ; 20,0 ; 20,2 ; 20,7 ; 19,9 ; 19,6 ; NOP
31/05/2020 ; 16:52:54 ; 166,1 ; 2000,0 ; -10,2 ; 20,0 ; 20,2 ; 20,7 ; 19,9 ; 19,6 ; NOP
31/05/2020 ; 16:53:04 ; 169,6 ; 2000,0 ; -10,1 ; 20,0 ; 20,2 ; 20,7 ; 19,9 ; 19,6 ; NOP
31/05/2020 ; 16:53:14 ; 166,1 ; 2000,0 ; -10,1 ; 20,0 ; 20,2 ; 20,7 ; 19,9 ; 19,6 ; NOP
31/05/2020 ; 16:53:24 ; 169,6 ; 2000,0 ; -10,1 ; 20,1 ; 20,2 ; 20,7 ; 19,9 ; 19,6 ; NOP
31/05/2020 ; 16:53:34 ; 166,1 ; 2000,0 ; -10,1 ; 20,1 ; 20,2 ; 20,7 ; 19,9 ; 19,6 ; NOP
31/05/2020 ; 16:53:44 ; 169,3 ; 2000,0 ; -10,1 ; 20,0 ; 20,2 ; 20,7 ; 19,9 ; 19,6 ; NOP
31/05/2020 ; 16:53:54 ; 168,0 ; 2000,0 ; -10,1 ; 20,0 ; 20,2 ; 20,7 ; 19,9 ; 19,6 ; NOP
31/05/2020 ; 16:54:04 ; 166,1 ; 2000,0 ; -10,1 ; 20,1 ; 20,2 ; 20,7 ; 19,9 ; 19,6 ; NOP
31/05/2020 ; 16:54:14 ; 169,6 ; 2000,0 ; -10,2 ; 20,0 ; 20,2 ; 20,7 ; 19,9 ; 19,6 ; NOP
31/05/2020 ; 16:54:24 ; 169,6 ; 2000,0 ; -10,1 ; 20,1 ; 20,2 ; 20,7 ; 19,9 ; 19,6 ; NOP
31/05/2020 ; 16:54:34 ; 165,8 ; 2000,0 ; -10,1 ; 20,1 ; 20,2 ; 20,7 ; 19,9 ; 19,6 ; NOP
31/05/2020 ; 16:54:44 ; 166,1 ; 2000,0 ; -10,1 ; 20,1 ; 20,2 ; 20,7 ; 19,9 ; 19,6 ; NOP
31/05/2020 ; 16:54:54 ; 168,0 ; 2000,0 ; -10,0 ; 20,1 ; 20,2 ; 20,7 ; 19,9 ; 19,6 ; NOP
31/05/2020 ; 16:55:04 ; 166,1 ; 2000,0 ; -10,0 ; 20,0 ; 20,2 ; 20,7 ; 19,9 ; 19,6 ; NOP
31/05/2020 ; 16:55:14 ; 166,1 ; 2000,0 ; -10,1 ; 20,0 ; 20,2 ; 20,7 ; 19,9 ; 19,6 ; NOP
31/05/2020 ; 16:55:24 ; 169,3 ; 2000,0 ; -10,0 ; 20,0 ; 20,2 ; 20,7 ; 19,9 ; 19,6 ; NOP
31/05/2020 ; 16:55:34 ; 169,6 ; 2000,0 ; -10,1 ; 20,1 ; 20,2 ; 20,7 ; 19,9 ; 19,6 ; NOP
31/05/2020 ; 16:55:44 ; 169,0 ; 2000,0 ; -10,1 ; 20,1 ; 20,2 ; 20,7 ; 19,9 ; 19,6 ; NOP
31/05/2020 ; 16:55:54 ; 168,6 ; 2000,0 ; -10,2 ; 20,1 ; 20,2 ; 20,7 ; 19,9 ; 19,6 ; NOP
31/05/2020 ; 16:56:04 ; 169,3 ; 2000,0 ; -10,2 ; 20,0 ; 20,2 ; 20,7 ; 19,9 ; 19,6 ; NOP
31/05/2020 ; 16:56:14 ; 166,1 ; 2000,0 ; -10,1 ; 20,0 ; 20,2 ; 20,7 ; 19,9 ; 19,6 ; NOP
31/05/2020 ; 16:56:24 ; 169,6 ; 2000,0 ; -10,1 ; 20,0 ; 20,2 ; 20,7 ; 19,9 ; 19,6 ; NOP
31/05/2020 ; 16:56:34 ; 168,0 ; 2000,0 ; -10,2 ; 20,1 ; 20,2 ; 20,7 ; 19,9 ; 19,6 ; NOP
31/05/2020 ; 16:56:44 ; 169,3 ; 2000,0 ; -10,0 ; 20,0 ; 20,2 ; 20,7 ; 19,9 ; 19,6 ; NOP
31/05/2020 ; 16:56:54 ; 169,9 ; 2000,0 ; -10,1 ; 20,0 ; 20,2 ; 20,7 ; 19,9 ; 19,6 ; NOP
31/05/2020 ; 16:57:04 ; 166,1 ; 2000,0 ; -10,2 ; 20,0 ; 20,2 ; 20,7 ; 19,9 ; 19,6 ; NOP
31/05/2020 ; 16:57:14 ; 166,1 ; 2000,0 ; -10,3 ; 20,1 ; 20,2 ; 20,7 ; 19,9 ; 19,6 ; NOP
31/05/2020 ; 16:57:24 ; 169,0 ; 2000,0 ; -10,1 ; 20,1 ; 20,2 ; 20,7 ; 19,9 ; 19,6 ; NOP
31/05/2020 ; 16:57:34 ; 169,3 ; 2000,0 ; -10,1 ; 20,1 ; 20,2 ; 20,7 ; 19,9 ; 19,6 ; NOP
31/05/2020 ; 16:57:44 ; 169,6 ; 2000,0 ; -10,1 ; 20,0 ; 20,2 ; 20,7 ; 19,9 ; 19,6 ; NOP
31/05/2020 ; 16:57:54 ; 169,6 ; 2000,0 ; -10,1 ; 20,0 ; 20,2 ; 20,7 ; 19,9 ; 19,6 ; NOP
31/05/2020 ; 16:58:04 ; 169,3 ; 2000,0 ; -10,0 ; 20,0 ; 20,2 ; 20,7 ; 19,9 ; 19,6 ; NOP
31/05/2020 ; 16:58:14 ; 166,1 ; 2000,0 ; -10,0 ; 20,0 ; 20,2 ; 20,7 ; 19,9 ; 19,6 ; NOP
31/05/2020 ; 16:58:24 ; 165,8 ; 2000,0 ; -10,2 ; 20,0 ; 20,2 ; 20,7 ; 19,9 ; 19,6 ; NOP
31/05/2020 ; 16:58:34 ; 168,0 ; 2000,0 ; -10,2 ; 20,1 ; 20,2 ; 20,7 ; 19,9 ; 19,6 ; NOP
31/05/2020 ; 16:58:44 ; 166,1 ; 2000,0 ; -10,0 ; 20,1 ; 20,2 ; 20,7 ; 19,9 ; 19,6 ; NOP
31/05/2020 ; 16:58:54 ; 166,1 ; 2000,0 ; -10,1 ; 20,1 ; 20,2 ; 20,7 ; 19,9 ; 19,6 ; NOP
31/05/2020 ; 16:59:04 ; 169,6 ; 2000,0 ; -10,1 ; 20,1 ; 20,2 ; 20,7 ; 19,9 ; 19,6 ; NOP
31/05/2020 ; 16:59:14 ; 169,6 ; 2000,0 ; -10,1 ; 20,1 ; 20,2 ; 20,7 ; 19,9 ; 19,6 ; NOP
31/05/2020 ; 16:59:24 ; 166,1 ; 2000,0 ; -10,1 ; 20,0 ; 20,2 ; 20,7 ; 19,9 ; 19,6 ; NOP
31/05/2020 ; 16:59:34 ; 169,3 ; 2000,0 ; -10,2 ; 20,1 ; 20,2 ; 20,7 ; 19,9 ; 19,6 ; NOP
31/05/2020 ; 16:59:44 ; 169,9 ; 2000,0 ; -10,3 ; 20,1 ; 20,2 ; 20,7 ; 19,9 ; 19,6 ; NOP
31/05/2020 ; 16:59:54 ; 169,3 ; 2000,0 ; -10,1 ; 20,1 ; 20,2 ; 20,7 ; 19,9 ; 19,6 ; NOP
31/05/2020 ; 17:00:04 ; 168,0 ; 2000,0 ; -10,0 ; 20,0 ; 20,2 ; 20,7 ; 19,9 ; 19,6 ; NOP
31/05/2020 ; 17:00:14 ; 169,6 ; 2000,0 ; -10,1 ; 20,0 ; 20,2 ; 20,7 ; 19,9 ; 19,6 ; NOP
31/05/2020 ; 17:00:24 ; 166,1 ; 2000,0 ; -10,1 ; 20,1 ; 20,2 ; 20,7 ; 19,9 ; 19,6 ; NOP
31/05/2020 ; 17:00:34 ; 169,0 ; 2000,0 ; -10,0 ; 20,1 ; 20,2 ; 20,7 ; 19,9 ; 19,6 ; NOP
31/05/2020 ; 17:00:44 ; 168,0 ; 2000,0 ; -10,1 ; 20,1 ; 20,2 ; 20,7 ; 19,9 ; 19,6 ; NOP
31/05/2020 ; 17:00:54 ; 169,3 ; 2000,0 ; -10,1 ; 20,1 ; 20,2 ; 20,7 ; 19,9 ; 19,6 ; NOP
31/05/2020 ; 17:01:04 ; 169,6 ; 2000,0 ; -10,1 ; 20,1 ; 20,2 ; 20,7 ; 19,9 ; 19,6 ; NOP
31/05/2020 ; 17:01:14 ; 166,1 ; 2000,0 ; -10,2 ; 20,1 ; 20,2 ; 20,7 ; 19,9 ; 19,6 ; NOP
31/05/2020 ; 17:01:24 ; 169,6 ; 2000,0 ; -10,1 ; 20,1 ; 20,2 ; 20,7 ; 19,9 ; 19,6 ; NOP
31/05/2020 ; 17:01:34 ; 166,1 ; 2000,0 ; -10,1 ; 20,0 ; 20,2 ; 20,7 ; 19,9 ; 19,6 ; NOP
31/05/2020 ; 17:01:44 ; 168,6 ; 2000,0 ; -10,1 ; 20,1 ; 20,2 ; 20,7 ; 19,9 ; 19,6 ; NOP
31/05/2020 ; 17:01:54 ; 169,0 ; 2000,0 ; -10,0 ; 20,1 ; 20,2 ; 20,7 ; 19,9 ; 19,6 ; NOP
31/05/2020 ; 17:02:04 ; 166,1 ; 2000,0 ; -10,1 ; 20,1 ; 20,2 ; 20,7 ; 19,9 ; 19,6 ; NOP
31/05/2020 ; 17:02:14 ; 169,3 ; 2000,0 ; -10,1 ; 20,1 ; 20,2 ; 20,7 ; 19,9 ; 19,6 ; NOP
31/05/2020 ; 17:02:24 ; 166,1 ; 2000,0 ; -10,1 ; 20,1 ; 20,2 ; 20,7 ; 19,9 ; 19,6 ; NOP
31/05/2020 ; 17:02:34 ; 166,1 ; 2000,0 ; -10,2 ; 20,1 ; 20,2 ; 20,7 ; 19,9 ; 19,6 ; NOP
31/05/2020 ; 17:02:44 ; 166,1 ; 2000,0 ; -10,1 ; 20,1 ; 20,2 ; 20,7 ; 19,9 ; 19,6 ; NOP
31/05/2020 ; 17:02:54 ; 169,3 ; 2000,0 ; -10,1 ; 20,1 ; 20,2 ; 20,7 ; 19,9 ; 19,6 ; NOP
31/05/2020 ; 17:03:04 ; 169,6 ; 2000,0 ; -10,0 ; 20,1 ; 20,2 ; 20,7 ; 19,9 ; 19,6 ; NOP
31/05/2020 ; 17:03:14 ; 169,6 ; 2000,0 ; -10,1 ; 20,1 ; 20,2 ; 20,7 ; 19,9 ; 19,6 ; NOP
31/05/2020 ; 17:03:24 ; 169,3 ; 2000,0 ; -10,0 ; 20,1 ; 20,2 ; 20,7 ; 19,9 ; 19,6 ; NOP
31/05/2020 ; 17:03:34 ; 168,0 ; 2000,0 ; -10,1 ; 20,1 ; 20,2 ; 20,7 ; 19,9 ; 19,6 ; NOP
31/05/2020 ; 17:03:44 ; 169,6 ; 2000,0 ; -10,0 ; 20,1 ; 20,2 ; 20,7 ; 19,9 ; 19,6 ; NOP
31/05/2020 ; 17:03:54 ; 166,1 ; 2000,0 ; -10,2 ; 20,1 ; 20,2 ; 20,7 ; 19,9 ; 19,6 ; NOP
31/05/2020 ; 17:04:04 ; 169,0 ; 2000,0 ; -10,1 ; 20,1 ; 20,2 ; 20,7 ; 19,9 ; 19,6 ; NOP
31/05/2020 ; 17:04:14 ; 168,6 ; 2000,0 ; -10,1 ; 20,1 ; 20,2 ; 20,7 ; 19,9 ; 19,6 ; NOP
31/05/2020 ; 17:04:24 ; 169,6 ; 2000,0 ; -10,1 ; 20,1 ; 20,2 ; 20,7 ; 19,9 ; 19,6 ; NOP
31/05/2020 ; 17:04:34 ; 169,0 ; 2000,0 ; -10,1 ; 20,1 ; 20,2 ; 20,7 ; 19,9 ; 19,6 ; NOP
31/05/2020 ; 17:04:44 ; 168,0 ; 2000,0 ; -10,1 ; 20,1 ; 20,2 ; 20,7 ; 19,9 ; 19,6 ; NOP
31/05/2020 ; 17:04:54 ; 168,6 ; 2000,0 ; -10,0 ; 20,1 ; 20,2 ; 20,7 ; 19,9 ; 19,6 ; NOP
31/05/2020 ; 17:05:04 ; 169,3 ; 2000,0 ; -10,1 ; 20,1 ; 20,2 ; 20,7 ; 19,9 ; 19,6 ; NOP
31/05/2020 ; 17:05:14 ; 165,8 ; 2000,0 ; -10,1 ; 20,1 ; 20,2 ; 20,7 ; 19,9 ; 19,6 ; NOP
31/05/2020 ; 17:05:24 ; 169,6 ; 2000,0 ; -10,2 ; 20,1 ; 20,2 ; 20,7 ; 19,9 ; 19,6 ; NOP
31/05/2020 ; 17:05:34 ; 168,3 ; 2000,0 ; -10,1 ; 20,1 ; 20,2 ; 20,7 ; 19,9 ; 19,6 ; NOP
31/05/2020 ; 17:05:44 ; 168,0 ; 2000,0 ; -10,1 ; 20,1 ; 20,2 ; 20,7 ; 19,9 ; 19,6 ; NOP
31/05/2020 ; 17:05:54 ; 166,1 ; 2000,0 ; -10,1 ; 20,1 ; 20,2 ; 20,7 ; 19,9 ; 19,6 ; NOP
31/05/2020 ; 17:06:04 ; 166,1 ; 2000,0 ; -10,2 ; 20,1 ; 20,2 ; 20,7 ; 19,9 ; 19,6 ; NOP
31/05/2020 ; 17:06:14 ; 168,0 ; 2000,0 ; -10,1 ; 20,1 ; 20,2 ; 20,7 ; 19,9 ; 19,6 ; NOP
31/05/2020 ; 17:06:24 ; 169,6 ; 2000,0 ; -10,1 ; 20,1 ; 20,2 ; 20,7 ; 19,9 ; 19,6 ; NOP
31/05/2020 ; 17:06:34 ; 166,1 ; 2000,0 ; -10,1 ; 20,1 ; 20,2 ; 20,7 ; 19,9 ; 19,6 ; NOP
31/05/2020 ; 17:06:44 ; 169,6 ; 2000,0 ; -10,1 ; 20,1 ; 20,2 ; 20,7 ; 19,9 ; 19,6 ; NOP
31/05/2020 ; 17:06:54 ; 166,1 ; 2000,0 ; -10,1 ; 20,1 ; 20,2 ; 20,7 ; 19,9 ; 19,6 ; NOP
31/05/2020 ; 17:07:04 ; 169,6 ; 2000,0 ; -10,0 ; 20,1 ; 20,2 ; 20,7 ; 19,9 ; 19,6 ; NOP
31/05/2020 ; 17:07:14 ; 166,1 ; 2000,0 ; -10,1 ; 20,1 ; 20,2 ; 20,7 ; 19,9 ; 19,6 ; NOP
31/05/2020 ; 17:07:24 ; 166,1 ; 2000,0 ; -10,2 ; 20,1 ; 20,2 ; 20,7 ; 19,9 ; 19,6 ; NOP
31/05/2020 ; 17:07:34 ; 168,0 ; 2000,0 ; -10,2 ; 20,1 ; 20,2 ; 20,7 ; 19,9 ; 19,6 ; NOP
31/05/2020 ; 17:07:44 ; 168,0 ; 2000,0 ; -10,1 ; 20,1 ; 20,3 ; 20,7 ; 19,9 ; 19,6 ; NOP
31/05/2020 ; 17:07:54 ; 166,1 ; 2000,0 ; -10,1 ; 20,1 ; 20,2 ; 20,7 ; 19,9 ; 19,6 ; NOP
31/05/2020 ; 17:08:04 ; 169,3 ; 2000,0 ; -10,1 ; 20,1 ; 20,2 ; 20,7 ; 19,9 ; 19,6 ; NOP
31/05/2020 ; 17:08:14 ; 168,0 ; 2000,0 ; -10,1 ; 20,1 ; 20,2 ; 20,7 ; 19,9 ; 19,6 ; NOP
31/05/2020 ; 17:08:24 ; 166,1 ; 2000,0 ; -10,2 ; 20,1 ; 20,2 ; 20,7 ; 19,9 ; 19,6 ; NOP
31/05/2020 ; 17:08:34 ; 169,0 ; 2000,0 ; -10,1 ; 20,1 ; 20,2 ; 20,7 ; 19,9 ; 19,6 ; NOP
31/05/2020 ; 17:08:44 ; 168,0 ; 2000,0 ; -10,1 ; 20,1 ; 20,3 ; 20,7 ; 19,9 ; 19,6 ; NOP
31/05/2020 ; 17:08:54 ; 166,4 ; 2000,0 ; -10,2 ; 20,1 ; 20,3 ; 20,7 ; 19,9 ; 19,6 ; NOP
31/05/2020 ; 17:09:04 ; 169,6 ; 2000,0 ; -10,2 ; 20,1 ; 20,3 ; 20,7 ; 19,9 ; 19,6 ; NOP
31/05/2020 ; 17:09:14 ; 169,6 ; 2000,0 ; -10,2 ; 20,1 ; 20,2 ; 20,7 ; 19,9 ; 19,6 ; NOP
31/05/2020 ; 17:09:24 ; 166,1 ; 2000,0 ; -10,2 ; 20,1 ; 20,3 ; 20,7 ; 19,9 ; 19,6 ; NOP
31/05/2020 ; 17:09:34 ; 169,6 ; 2000,0 ; -10,2 ; 20,1 ; 20,3 ; 20,7 ; 19,9 ; 19,6 ; NOP
31/05/2020 ; 17:09:44 ; 168,0 ; 2000,0 ; -10,0 ; 20,1 ; 20,2 ; 20,7 ; 19,9 ; 19,6 ; NOP
31/05/2020 ; 17:09:54 ; 166,1 ; 2000,0 ; -10,1 ; 20,1 ; 20,2 ; 20,7 ; 19,9 ; 19,6 ; NOP
31/05/2020 ; 17:10:04 ; 166,1 ; 2000,0 ; -10,2 ; 20,1 ; 20,2 ; 20,7 ; 19,9 ; 19,6 ; NOP
31/05/2020 ; 17:10:14 ; 169,6 ; 2000,0 ; -10,1 ; 20,1 ; 20,2 ; 20,7 ; 19,9 ; 19,6 ; NOP
31/05/2020 ; 17:10:24 ; 169,6 ; 2000,0 ; -10,1 ; 20,1 ; 20,2 ; 20,7 ; 19,9 ; 19,6 ; NOP
31/05/2020 ; 17:10:34 ; 169,3 ; 2000,0 ; -10,1 ; 20,1 ; 20,2 ; 20,7 ; 19,9 ; 19,6 ; NOP
31/05/2020 ; 17:10:44 ; 169,6 ; 2000,0 ; -10,0 ; 20,1 ; 20,2 ; 20,7 ; 19,9 ; 19,6 ; NOP
31/05/2020 ; 17:10:54 ; 168,6 ; 2000,0 ; -10,1 ; 20,1 ; 20,2 ; 20,7 ; 19,9 ; 19,6 ; NOP
31/05/2020 ; 17:11:04 ; 168,0 ; 2000,0 ; -10,2 ; 20,1 ; 20,3 ; 20,7 ; 19,9 ; 19,6 ; NOP
31/05/2020 ; 17:11:14 ; 165,8 ; 2000,0 ; -10,2 ; 20,1 ; 20,3 ; 20,7 ; 19,9 ; 19,6 ; NOP
31/05/2020 ; 17:11:24 ; 166,1 ; 2000,0 ; -10,1 ; 20,1 ; 20,3 ; 20,7 ; 19,9 ; 19,6 ; NOP
31/05/2020 ; 17:11:34 ; 169,3 ; 2000,0 ; -10,1 ; 20,1 ; 20,2 ; 20,7 ; 19,9 ; 19,6 ; NOP
31/05/2020 ; 17:11:44 ; 169,6 ; 2000,0 ; -10,0 ; 20,1 ; 20,3 ; 20,7 ; 19,9 ; 19,6 ; NOP
31/05/2020 ; 17:11:54 ; 169,0 ; 2000,0 ; -10,1 ; 20,1 ; 20,2 ; 20,7 ; 19,9 ; 19,6 ; NOP
31/05/2020 ; 17:12:04 ; 166,1 ; 2000,0 ; -10,1 ; 20,1 ; 20,3 ; 20,7 ; 19,9 ; 19,6 ; NOP
31/05/2020 ; 17:12:14 ; 166,1 ; 2000,0 ; -10,0 ; 20,1 ; 20,3 ; 20,7 ; 19,9 ; 19,6 ; NOP
31/05/2020 ; 17:12:24 ; 169,3 ; 2000,0 ; -10,1 ; 20,1 ; 20,3 ; 20,7 ; 19,9 ; 19,6 ; NOP
31/05/2020 ; 17:12:34 ; 169,3 ; 2000,0 ; -10,1 ; 20,1 ; 20,3 ; 20,7 ; 19,9 ; 19,6 ; NOP
31/05/2020 ; 17:12:44 ; 166,1 ; 2000,0 ; -10,0 ; 20,1 ; 20,3 ; 20,7 ; 19,9 ; 19,6 ; NOP
31/05/2020 ; 17:12:54 ; 168,6 ; 2000,0 ; -10,2 ; 20,1 ; 20,3 ; 20,7 ; 19,9 ; 19,6 ; NOP
31/05/2020 ; 17:13:04 ; 166,1 ; 2000,0 ; -10,2 ; 20,1 ; 20,3 ; 20,7 ; 19,9 ; 19,7 ; NOP
31/05/2020 ; 17:13:14 ; 166,1 ; 2000,0 ; -10,2 ; 20,1 ; 20,3 ; 20,7 ; 19,9 ; 19,6 ; NOP
31/05/2020 ; 17:13:24 ; 169,0 ; 2000,0 ; -10,0 ; 20,1 ; 20,3 ; 20,7 ; 19,9 ; 19,6 ; NOP
31/05/2020 ; 17:13:34 ; 168,0 ; 2000,0 ; -10,1 ; 20,1 ; 20,3 ; 20,7 ; 19,9 ; 19,6 ; NOP
31/05/2020 ; 17:13:44 ; 169,0 ; 2000,0 ; -10,0 ; 20,1 ; 20,3 ; 20,7 ; 19,9 ; 19,7 ; NOP
31/05/2020 ; 17:13:54 ; 169,6 ; 2000,0 ; -10,1 ; 20,1 ; 20,3 ; 20,7 ; 19,9 ; 19,6 ; NOP
31/05/2020 ; 17:14:04 ; 165,8 ; 2000,0 ; -10,0 ; 20,1 ; 20,3 ; 20,7 ; 19,9 ; 19,6 ; NOP
31/05/2020 ; 17:14:14 ; 165,8 ; 2000,0 ; -10,1 ; 20,1 ; 20,3 ; 20,7 ; 19,9 ; 19,6 ; NOP
31/05/2020 ; 17:14:24 ; 169,6 ; 2000,0 ; -10,2 ; 20,1 ; 20,3 ; 20,7 ; 19,9 ; 19,7 ; NOP
31/05/2020 ; 17:14:34 ; 169,6 ; 2000,0 ; -10,0 ; 20,1 ; 20,3 ; 20,7 ; 19,9 ; 19,7 ; NOP
31/05/2020 ; 17:14:44 ; 168,0 ; 2000,0 ; -10,1 ; 20,1 ; 20,2 ; 20,7 ; 19,9 ; 19,7 ; NOP
31/05/2020 ; 17:14:54 ; 166,4 ; 2000,0 ; -10,0 ; 20,1 ; 20,3 ; 20,7 ; 19,9 ; 19,7 ; NOP
31/05/2020 ; 17:15:04 ; 166,1 ; 2000,0 ; -10,1 ; 20,1 ; 20,3 ; 20,7 ; 19,9 ; 19,7 ; NOP
31/05/2020 ; 17:15:14 ; 169,0 ; 2000,0 ; -10,1 ; 20,1 ; 20,3 ; 20,7 ; 19,9 ; 19,6 ; NOP
31/05/2020 ; 17:15:24 ; 166,1 ; 2000,0 ; -10,3 ; 20,1 ; 20,3 ; 20,7 ; 19,9 ; 19,7 ; NOP
31/05/2020 ; 17:15:34 ; 168,0 ; 2000,0 ; -10,1 ; 20,1 ; 20,3 ; 20,7 ; 19,9 ; 19,6 ; NOP
31/05/2020 ; 17:15:44 ; 169,6 ; 2000,0 ; -10,0 ; 20,1 ; 20,3 ; 20,7 ; 19,9 ; 19,6 ; NOP
31/05/2020 ; 17:15:54 ; 166,1 ; 2000,0 ; -10,1 ; 20,1 ; 20,3 ; 20,7 ; 19,9 ; 19,7 ; NOP
31/05/2020 ; 17:16:04 ; 169,0 ; 2000,0 ; -10,1 ; 20,1 ; 20,3 ; 20,7 ; 19,9 ; 19,7 ; NOP
31/05/2020 ; 17:16:14 ; 169,6 ; 2000,0 ; -10,1 ; 20,1 ; 20,3 ; 20,7 ; 19,9 ; 19,7 ; NOP
31/05/2020 ; 17:16:24 ; 169,3 ; 2000,0 ; -10,0 ; 20,1 ; 20,3 ; 20,7 ; 19,9 ; 19,6 ; NOP
31/05/2020 ; 17:16:34 ; 168,0 ; 2000,0 ; -10,1 ; 20,1 ; 20,3 ; 20,7 ; 19,9 ; 19,7 ; NOP
31/05/2020 ; 17:16:44 ; 166,1 ; 2000,0 ; -10,1 ; 20,1 ; 20,3 ; 20,7 ; 19,9 ; 19,7 ; NOP
31/05/2020 ; 17:16:54 ; 169,6 ; 2000,0 ; -10,1 ; 20,1 ; 20,3 ; 20,7 ; 19,9 ; 19,7 ; NOP
31/05/2020 ; 17:17:04 ; 168,0 ; 2000,0 ; -10,1 ; 20,1 ; 20,3 ; 20,7 ; 19,9 ; 19,7 ; NOP
31/05/2020 ; 17:17:14 ; 166,1 ; 2000,0 ; -10,0 ; 20,1 ; 20,3 ; 20,7 ; 19,9 ; 19,7 ; NOP
31/05/2020 ; 17:17:24 ; 169,6 ; 2000,0 ; -10,1 ; 20,1 ; 20,3 ; 20,7 ; 19,9 ; 19,7 ; NOP
31/05/2020 ; 17:17:34 ; 169,3 ; 2000,0 ; -10,0 ; 20,1 ; 20,3 ; 20,8 ; 19,9 ; 19,7 ; NOP
31/05/2020 ; 17:17:44 ; 166,1 ; 2000,0 ; -10,1 ; 20,1 ; 20,3 ; 20,8 ; 19,9 ; 19,7 ; NOP
31/05/2020 ; 17:17:54 ; 166,1 ; 2000,0 ; -10,1 ; 20,1 ; 20,3 ; 20,8 ; 19,9 ; 19,7 ; NOP
31/05/2020 ; 17:18:04 ; 169,6 ; 2000,0 ; -10,2 ; 20,1 ; 20,3 ; 20,8 ; 19,9 ; 19,7 ; NOP
31/05/2020 ; 17:18:14 ; 166,1 ; 2000,0 ; -10,1 ; 20,1 ; 20,3 ; 20,8 ; 19,9 ; 19,7 ; NOP
31/05/2020 ; 17:18:24 ; 169,3 ; 2000,0 ; -10,2 ; 20,1 ; 20,3 ; 20,8 ; 19,9 ; 19,7 ; NOP
31/05/2020 ; 17:18:34 ; 166,1 ; 2000,0 ; -10,3 ; 20,1 ; 20,3 ; 20,8 ; 19,9 ; 19,7 ; NOP
31/05/2020 ; 17:18:44 ; 166,1 ; 2000,0 ; -10,0 ; 20,1 ; 20,3 ; 20,8 ; 19,9 ; 19,7 ; NOP
31/05/2020 ; 17:18:54 ; 169,0 ; 2000,0 ; -10,0 ; 20,1 ; 20,3 ; 20,8 ; 19,9 ; 19,7 ; NOP
31/05/2020 ; 17:19:04 ; 169,6 ; 2000,0 ; -10,1 ; 20,1 ; 20,3 ; 20,8 ; 20,0 ; 19,7 ; NOP
31/05/2020 ; 17:19:14 ; 169,6 ; 2000,0 ; -10,1 ; 20,1 ; 20,3 ; 20,8 ; 20,0 ; 19,7 ; NOP
31/05/2020 ; 17:19:24 ; 169,3 ; 2000,0 ; -10,0 ; 20,1 ; 20,3 ; 20,8 ; 19,9 ; 19,7 ; NOP
31/05/2020 ; 17:19:34 ; 169,6 ; 2000,0 ; -10,0 ; 20,1 ; 20,3 ; 20,8 ; 20,0 ; 19,7 ; NOP
31/05/2020 ; 17:19:44 ; 169,0 ; 2000,0 ; -10,2 ; 20,1 ; 20,3 ; 20,8 ; 20,0 ; 19,7 ; NOP
31/05/2020 ; 17:19:54 ; 169,0 ; 2000,0 ; -10,0 ; 20,1 ; 20,3 ; 20,8 ; 20,0 ; 19,7 ; NOP
31/05/2020 ; 17:20:04 ; 168,6 ; 2000,0 ; -10,1 ; 20,1 ; 20,3 ; 20,8 ; 20,0 ; 19,7 ; NOP
31/05/2020 ; 17:20:14 ; 166,1 ; 2000,0 ; -10,0 ; 20,1 ; 20,3 ; 20,8 ; 20,0 ; 19,7 ; NOP
31/05/2020 ; 17:20:24 ; 169,6 ; 2000,0 ; -10,2 ; 20,1 ; 20,3 ; 20,8 ; 20,0 ; 19,7 ; NOP
31/05/2020 ; 17:20:34 ; 166,1 ; 2000,0 ; -10,1 ; 20,2 ; 20,3 ; 20,8 ; 20,0 ; 19,7 ; NOP
31/05/2020 ; 17:20:44 ; 168,0 ; 2000,0 ; -10,2 ; 20,1 ; 20,3 ; 20,8 ; 20,0 ; 19,7 ; NOP
31/05/2020 ; 17:20:54 ; 166,1 ; 2000,0 ; -10,1 ; 20,2 ; 20,3 ; 20,8 ; 20,0 ; 19,7 ; NOP
31/05/2020 ; 17:21:04 ; 169,6 ; 2000,0 ; -10,1 ; 20,2 ; 20,3 ; 20,8 ; 20,0 ; 19,7 ; NOP
31/05/2020 ; 17:21:14 ; 169,6 ; 2000,0 ; -10,1 ; 20,2 ; 20,3 ; 20,8 ; 20,0 ; 19,7 ; NOP
31/05/2020 ; 17:21:24 ; 168,6 ; 2000,0 ; -10,1 ; 20,2 ; 20,3 ; 20,8 ; 20,0 ; 19,7 ; NOP
31/05/2020 ; 17:21:34 ; 168,6 ; 2000,0 ; -10,1 ; 20,2 ; 20,3 ; 20,8 ; 20,0 ; 19,7 ; NOP
31/05/2020 ; 17:21:44 ; 166,1 ; 2000,0 ; -10,1 ; 20,2 ; 20,3 ; 20,8 ; 20,0 ; 19,7 ; NOP
31/05/2020 ; 17:21:54 ; 166,1 ; 2000,0 ; -10,3 ; 20,2 ; 20,3 ; 20,8 ; 20,0 ; 19,7 ; NOP
31/05/2020 ; 17:22:04 ; 168,0 ; 2000,0 ; -10,1 ; 20,2 ; 20,3 ; 20,8 ; 20,0 ; 19,7 ; NOP
31/05/2020 ; 17:22:14 ; 169,3 ; 2000,0 ; -10,1 ; 20,2 ; 20,3 ; 20,8 ; 20,0 ; 19,7 ; NOP
31/05/2020 ; 17:22:24 ; 169,6 ; 2000,0 ; -10,0 ; 20,2 ; 20,3 ; 20,8 ; 20,0 ; 19,7 ; NOP
31/05/2020 ; 17:22:34 ; 168,3 ; 2000,0 ; -10,1 ; 20,2 ; 20,3 ; 20,8 ; 20,0 ; 19,7 ; NOP
31/05/2020 ; 17:22:44 ; 169,6 ; 2000,0 ; -10,0 ; 20,2 ; 20,3 ; 20,8 ; 20,0 ; 19,7 ; NOP
31/05/2020 ; 17:22:54 ; 168,0 ; 2000,0 ; -10,0 ; 20,2 ; 20,3 ; 20,8 ; 20,0 ; 19,7 ; NOP
31/05/2020 ; 17:23:04 ; 168,6 ; 2000,0 ; -10,3 ; 20,2 ; 20,3 ; 20,8 ; 20,0 ; 19,7 ; NOP
31/05/2020 ; 17:23:14 ; 169,6 ; 2000,0 ; -10,2 ; 20,2 ; 20,3 ; 20,8 ; 20,0 ; 19,7 ; NOP
31/05/2020 ; 17:23:24 ; 169,6 ; 2000,0 ; -10,0 ; 20,2 ; 20,4 ; 20,8 ; 20,0 ; 19,7 ; NOP
31/05/2020 ; 17:23:34 ; 165,8 ; 2000,0 ; -10,1 ; 20,2 ; 20,4 ; 20,8 ; 20,0 ; 19,7 ; NOP
31/05/2020 ; 17:23:44 ; 168,6 ; 2000,0 ; -10,0 ; 20,2 ; 20,4 ; 20,8 ; 20,0 ; 19,7 ; NOP
31/05/2020 ; 17:23:54 ; 169,0 ; 2000,0 ; -10,3 ; 20,2 ; 20,4 ; 20,8 ; 20,0 ; 19,7 ; NOP
31/05/2020 ; 17:24:04 ; 166,1 ; 2000,0 ; -10,1 ; 20,2 ; 20,4 ; 20,8 ; 20,0 ; 19,7 ; NOP
31/05/2020 ; 17:24:14 ; 169,0 ; 2000,0 ; -10,3 ; 20,2 ; 20,4 ; 20,8 ; 20,0 ; 19,7 ; NOP
31/05/2020 ; 17:24:24 ; 169,6 ; 2000,0 ; -10,2 ; 20,2 ; 20,4 ; 20,8 ; 20,0 ; 19,7 ; NOP
31/05/2020 ; 17:24:34 ; 166,1 ; 2000,0 ; -10,0 ; 20,2 ; 20,4 ; 20,8 ; 20,0 ; 19,8 ; NOP
31/05/2020 ; 17:24:44 ; 166,1 ; 2000,0 ; -10,1 ; 20,2 ; 20,4 ; 20,8 ; 20,0 ; 19,8 ; NOP
31/05/2020 ; 17:24:54 ; 166,1 ; 2000,0 ; -10,1 ; 20,2 ; 20,4 ; 20,8 ; 20,0 ; 19,8 ; NOP
31/05/2020 ; 17:25:04 ; 166,1 ; 2000,0 ; -10,2 ; 20,2 ; 20,4 ; 20,8 ; 20,1 ; 19,7 ; NOP
31/05/2020 ; 17:25:14 ; 169,6 ; 2000,0 ; -10,2 ; 20,2 ; 20,4 ; 20,8 ; 20,0 ; 19,8 ; NOP
31/05/2020 ; 17:25:24 ; 169,3 ; 2000,0 ; -10,2 ; 20,2 ; 20,4 ; 20,8 ; 20,1 ; 19,8 ; NOP
31/05/2020 ; 17:25:34 ; 166,1 ; 2000,0 ; -10,1 ; 20,2 ; 20,4 ; 20,8 ; 20,0 ; 19,8 ; NOP
31/05/2020 ; 17:25:44 ; 169,6 ; 2000,0 ; -10,0 ; 20,2 ; 20,4 ; 20,9 ; 20,1 ; 19,8 ; NOP
31/05/2020 ; 17:25:54 ; 166,1 ; 2000,0 ; -10,0 ; 20,2 ; 20,4 ; 20,9 ; 20,1 ; 19,8 ; NOP
31/05/2020 ; 17:26:04 ; 168,0 ; 2000,0 ; -10,0 ; 20,2 ; 20,4 ; 20,8 ; 20,1 ; 19,8 ; NOP
31/05/2020 ; 17:26:14 ; 169,9 ; 2000,0 ; -10,2 ; 20,2 ; 20,4 ; 20,9 ; 20,1 ; 19,8 ; NOP
31/05/2020 ; 17:26:24 ; 168,6 ; 2000,0 ; -9,9 ; 20,2 ; 20,4 ; 20,8 ; 20,1 ; 19,8 ; NOP
31/05/2020 ; 17:26:34 ; 168,6 ; 2000,0 ; -10,1 ; 20,2 ; 20,4 ; 20,8 ; 20,1 ; 19,8 ; NOP
31/05/2020 ; 17:26:44 ; 169,9 ; 2000,0 ; -10,1 ; 20,2 ; 20,4 ; 20,8 ; 20,1 ; 19,8 ; NOP
31/05/2020 ; 17:26:54 ; 166,1 ; 2000,0 ; -10,1 ; 20,2 ; 20,4 ; 20,8 ; 20,1 ; 19,8 ; NOP
31/05/2020 ; 17:27:04 ; 169,6 ; 2000,0 ; -10,0 ; 20,2 ; 20,4 ; 20,8 ; 20,0 ; 19,8 ; NOP
31/05/2020 ; 17:27:14 ; 169,6 ; 2000,0 ; -10,0 ; 20,2 ; 20,4 ; 20,8 ; 20,1 ; 19,8 ; NOP
31/05/2020 ; 17:27:24 ; 169,6 ; 2000,0 ; -10,1 ; 20,2 ; 20,4 ; 20,8 ; 20,1 ; 19,8 ; NOP
31/05/2020 ; 17:27:34 ; 166,1 ; 2000,0 ; -10,1 ; 20,2 ; 20,4 ; 20,8 ; 20,0 ; 19,8 ; NOP
31/05/2020 ; 17:27:44 ; 169,3 ; 2000,0 ; -10,1 ; 20,2 ; 20,4 ; 20,8 ; 20,0 ; 19,8 ; NOP
31/05/2020 ; 17:27:54 ; 169,3 ; 2000,0 ; -10,2 ; 20,2 ; 20,4 ; 20,8 ; 20,0 ; 19,8 ; NOP
31/05/2020 ; 17:28:04 ; 169,6 ; 2000,0 ; -10,1 ; 20,2 ; 20,4 ; 20,8 ; 20,1 ; 19,8 ; NOP
31/05/2020 ; 17:28:14 ; 169,6 ; 2000,0 ; -10,2 ; 20,2 ; 20,4 ; 20,8 ; 20,0 ; 19,8 ; NOP
31/05/2020 ; 17:28:24 ; 166,1 ; 2000,0 ; -10,2 ; 20,2 ; 20,4 ; 20,8 ; 20,1 ; 19,8 ; NOP
31/05/2020 ; 17:28:34 ; 166,1 ; 2000,0 ; -10,1 ; 20,2 ; 20,4 ; 20,8 ; 20,0 ; 19,8 ; NOP
31/05/2020 ; 17:28:44 ; 166,1 ; 2000,0 ; -10,1 ; 20,2 ; 20,4 ; 20,8 ; 20,0 ; 19,8 ; NOP
31/05/2020 ; 17:28:54 ; 166,1 ; 2000,0 ; -10,0 ; 20,2 ; 20,4 ; 20,8 ; 20,0 ; 19,8 ; NOP
31/05/2020 ; 17:29:04 ; 168,0 ; 2000,0 ; -10,2 ; 20,2 ; 20,4 ; 20,8 ; 20,0 ; 19,8 ; NOP
31/05/2020 ; 17:29:14 ; 168,6 ; 2000,0 ; -10,1 ; 20,2 ; 20,4 ; 20,8 ; 20,0 ; 19,8 ; NOP
31/05/2020 ; 17:29:24 ; 169,3 ; 2000,0 ; -10,0 ; 20,2 ; 20,4 ; 20,8 ; 20,0 ; 19,8 ; NOP
31/05/2020 ; 17:29:34 ; 169,3 ; 2000,0 ; -10,1 ; 20,2 ; 20,4 ; 20,8 ; 20,0 ; 19,8 ; NOP
31/05/2020 ; 17:29:44 ; 168,0 ; 2000,0 ; -10,2 ; 20,2 ; 20,4 ; 20,8 ; 20,0 ; 19,8 ; NOP
31/05/2020 ; 17:29:54 ; 169,6 ; 2000,0 ; -10,1 ; 20,2 ; 20,4 ; 20,8 ; 20,0 ; 19,8 ; NOP
31/05/2020 ; 17:30:04 ; 169,9 ; 2000,0 ; -10,1 ; 20,2 ; 20,4 ; 20,8 ; 20,0 ; 19,8 ; NOP
31/05/2020 ; 17:30:14 ; 169,3 ; 2000,0 ; -10,2 ; 20,2 ; 20,4 ; 20,8 ; 20,0 ; 19,8 ; NOP
31/05/2020 ; 17:30:24 ; 168,6 ; 2000,0 ; -10,2 ; 20,2 ; 20,4 ; 20,8 ; 20,0 ; 19,8 ; NOP
31/05/2020 ; 17:30:34 ; 169,0 ; 2000,0 ; -10,1 ; 20,2 ; 20,4 ; 20,8 ; 20,0 ; 19,8 ; NOP
31/05/2020 ; 17:30:44 ; 168,6 ; 2000,0 ; -10,1 ; 20,2 ; 20,4 ; 20,8 ; 20,0 ; 19,8 ; NOP
31/05/2020 ; 17:30:54 ; 168,6 ; 2000,0 ; -10,2 ; 20,2 ; 20,4 ; 20,8 ; 20,0 ; 19,8 ; NOP
31/05/2020 ; 17:31:04 ; 169,0 ; 2000,0 ; -10,2 ; 20,2 ; 20,4 ; 20,8 ; 20,0 ; 19,8 ; NOP
31/05/2020 ; 17:31:14 ; 168,6 ; 2000,0 ; -10,1 ; 20,2 ; 20,4 ; 20,8 ; 20,0 ; 19,8 ; NOP
31/05/2020 ; 17:31:24 ; 169,6 ; 2000,0 ; -10,1 ; 20,2 ; 20,4 ; 20,8 ; 20,0 ; 19,8 ; NOP
31/05/2020 ; 17:31:34 ; 166,1 ; 2000,0 ; -10,1 ; 20,2 ; 20,4 ; 20,8 ; 20,0 ; 19,8 ; NOP
31/05/2020 ; 17:31:44 ; 168,6 ; 2000,0 ; -10,1 ; 20,2 ; 20,4 ; 20,8 ; 20,0 ; 19,8 ; NOP
31/05/2020 ; 17:31:54 ; 168,6 ; 2000,0 ; -10,1 ; 20,2 ; 20,4 ; 20,8 ; 20,0 ; 19,8 ; NOP
31/05/2020 ; 17:32:04 ; 169,6 ; 2000,0 ; -10,0 ; 20,2 ; 20,4 ; 20,8 ; 20,0 ; 19,8 ; NOP
31/05/2020 ; 17:32:14 ; 168,0 ; 2000,0 ; -10,1 ; 20,2 ; 20,4 ; 20,8 ; 20,0 ; 19,7 ; NOP
31/05/2020 ; 17:32:24 ; 169,6 ; 2000,0 ; -10,1 ; 20,2 ; 20,4 ; 20,8 ; 20,0 ; 19,8 ; NOP
31/05/2020 ; 17:32:34 ; 168,0 ; 2000,0 ; -10,0 ; 20,2 ; 20,4 ; 20,8 ; 20,0 ; 19,8 ; NOP
31/05/2020 ; 17:32:44 ; 169,6 ; 2000,0 ; -10,2 ; 20,2 ; 20,4 ; 20,8 ; 20,0 ; 19,8 ; NOP
31/05/2020 ; 17:32:54 ; 169,6 ; 2000,0 ; -10,1 ; 20,2 ; 20,4 ; 20,8 ; 20,0 ; 19,8 ; NOP
31/05/2020 ; 17:33:04 ; 169,3 ; 2000,0 ; -10,0 ; 20,2 ; 20,4 ; 20,8 ; 20,0 ; 19,8 ; NOP
31/05/2020 ; 17:33:14 ; 166,1 ; 2000,0 ; -10,0 ; 20,2 ; 20,4 ; 20,8 ; 20,0 ; 19,8 ; NOP
31/05/2020 ; 17:33:24 ; 169,6 ; 2000,0 ; -10,1 ; 20,2 ; 20,4 ; 20,8 ; 20,0 ; 19,8 ; NOP
31/05/2020 ; 17:33:34 ; 166,1 ; 2000,0 ; -10,1 ; 20,2 ; 20,4 ; 20,8 ; 20,0 ; 19,7 ; NOP
31/05/2020 ; 17:33:44 ; 169,6 ; 2000,0 ; -10,2 ; 20,2 ; 20,3 ; 20,8 ; 20,0 ; 19,8 ; NOP
31/05/2020 ; 17:33:54 ; 166,1 ; 2000,0 ; -10,0 ; 20,2 ; 20,4 ; 20,8 ; 20,0 ; 19,8 ; NOP
31/05/2020 ; 17:34:04 ; 169,6 ; 2000,0 ; -10,1 ; 20,2 ; 20,4 ; 20,8 ; 20,0 ; 19,7 ; NOP
31/05/2020 ; 17:34:14 ; 169,0 ; 2000,0 ; -10,0 ; 20,2 ; 20,4 ; 20,8 ; 20,0 ; 19,8 ; NOP
31/05/2020 ; 17:34:24 ; 166,1 ; 2000,0 ; -10,1 ; 20,2 ; 20,4 ; 20,8 ; 20,0 ; 19,8 ; NOP
31/05/2020 ; 17:34:34 ; 169,3 ; 2000,0 ; -10,1 ; 20,2 ; 20,3 ; 20,8 ; 20,0 ; 19,7 ; NOP
31/05/2020 ; 17:34:44 ; 165,8 ; 2000,0 ; -10,1 ; 20,2 ; 20,4 ; 20,8 ; 20,0 ; 19,7 ; NOP
31/05/2020 ; 17:34:54 ; 168,0 ; 2000,0 ; -10,1 ; 20,2 ; 20,3 ; 20,8 ; 20,0 ; 19,7 ; NOP
31/05/2020 ; 17:35:04 ; 169,6 ; 2000,0 ; -10,1 ; 20,2 ; 20,4 ; 20,8 ; 20,0 ; 19,7 ; NOP
31/05/2020 ; 17:35:14 ; 168,6 ; 2000,0 ; -10,1 ; 20,2 ; 20,3 ; 20,8 ; 20,0 ; 19,7 ; NOP
31/05/2020 ; 17:35:24 ; 169,3 ; 2000,0 ; -10,1 ; 20,2 ; 20,3 ; 20,8 ; 20,0 ; 19,7 ; NOP
31/05/2020 ; 17:35:34 ; 169,6 ; 2000,0 ; -10,1 ; 20,2 ; 20,3 ; 20,8 ; 20,0 ; 19,7 ; NOP
31/05/2020 ; 17:35:44 ; 169,6 ; 2000,0 ; -10,1 ; 20,2 ; 20,3 ; 20,8 ; 20,0 ; 19,7 ; NOP
31/05/2020 ; 17:35:54 ; 169,6 ; 2000,0 ; -10,3 ; 20,2 ; 20,3 ; 20,8 ; 20,0 ; 19,7 ; NOP
31/05/2020 ; 17:36:04 ; 166,1 ; 2000,0 ; -10,2 ; 20,2 ; 20,3 ; 20,8 ; 20,0 ; 19,7 ; NOP
31/05/2020 ; 17:36:14 ; 166,4 ; 2000,0 ; -10,1 ; 20,2 ; 20,3 ; 20,8 ; 20,0 ; 19,7 ; NOP
31/05/2020 ; 17:36:24 ; 169,3 ; 2000,0 ; -10,1 ; 20,2 ; 20,3 ; 20,8 ; 20,0 ; 19,7 ; NOP
31/05/2020 ; 17:36:34 ; 168,3 ; 2000,0 ; -10,0 ; 20,2 ; 20,3 ; 20,8 ; 20,0 ; 19,7 ; NOP
31/05/2020 ; 17:36:44 ; 169,0 ; 2000,0 ; -10,1 ; 20,2 ; 20,3 ; 20,8 ; 20,0 ; 19,7 ; NOP
31/05/2020 ; 17:36:54 ; 169,3 ; 2000,0 ; -10,0 ; 20,2 ; 20,3 ; 20,8 ; 20,0 ; 19,7 ; NOP
31/05/2020 ; 17:37:04 ; 169,0 ; 2000,0 ; -10,1 ; 20,2 ; 20,3 ; 20,8 ; 20,0 ; 19,7 ; NOP
31/05/2020 ; 17:37:14 ; 166,1 ; 2000,0 ; -10,0 ; 20,2 ; 20,3 ; 20,8 ; 20,0 ; 19,7 ; NOP
31/05/2020 ; 17:37:24 ; 168,0 ; 2000,0 ; -10,2 ; 20,2 ; 20,3 ; 20,8 ; 20,0 ; 19,7 ; NOP
31/05/2020 ; 17:37:34 ; 165,8 ; 2000,0 ; -10,0 ; 20,2 ; 20,3 ; 20,8 ; 20,0 ; 19,7 ; NOP
31/05/2020 ; 17:37:44 ; 169,9 ; 2000,0 ; -10,1 ; 20,2 ; 20,3 ; 20,8 ; 20,0 ; 19,7 ; NOP
31/05/2020 ; 17:37:54 ; 168,0 ; 2000,0 ; -10,1 ; 20,2 ; 20,3 ; 20,8 ; 20,0 ; 19,7 ; NOP
31/05/2020 ; 17:38:04 ; 168,0 ; 2000,0 ; -10,1 ; 20,2 ; 20,3 ; 20,8 ; 20,0 ; 19,7 ; NOP
31/05/2020 ; 17:38:14 ; 169,6 ; 2000,0 ; -10,1 ; 20,2 ; 20,3 ; 20,8 ; 20,0 ; 19,7 ; NOP
31/05/2020 ; 17:38:24 ; 169,0 ; 2000,0 ; -10,2 ; 20,2 ; 20,3 ; 20,8 ; 20,0 ; 19,7 ; NOP
31/05/2020 ; 17:38:34 ; 168,0 ; 2000,0 ; -10,0 ; 20,2 ; 20,3 ; 20,8 ; 20,0 ; 19,7 ; NOP
31/05/2020 ; 17:38:44 ; 169,6 ; 2000,0 ; -10,2 ; 20,2 ; 20,3 ; 20,8 ; 20,0 ; 19,7 ; NOP
31/05/2020 ; 17:38:54 ; 166,1 ; 2000,0 ; -10,1 ; 20,2 ; 20,3 ; 20,8 ; 20,0 ; 19,7 ; NOP
31/05/2020 ; 17:39:04 ; 166,1 ; 2000,0 ; -10,2 ; 20,2 ; 20,3 ; 20,8 ; 20,0 ; 19,7 ; NOP
31/05/2020 ; 17:39:14 ; 169,6 ; 2000,0 ; -10,1 ; 20,2 ; 20,3 ; 20,8 ; 20,0 ; 19,7 ; NOP
31/05/2020 ; 17:39:24 ; 169,3 ; 2000,0 ; -10,1 ; 20,2 ; 20,3 ; 20,8 ; 20,0 ; 19,7 ; NOP
31/05/2020 ; 17:39:34 ; 169,6 ; 2000,0 ; -10,1 ; 20,2 ; 20,3 ; 20,8 ; 20,0 ; 19,7 ; NOP
31/05/2020 ; 17:39:44 ; 168,3 ; 2000,0 ; -10,1 ; 20,2 ; 20,3 ; 20,8 ; 20,0 ; 19,7 ; NOP
31/05/2020 ; 17:39:54 ; 166,1 ; 2000,0 ; -10,2 ; 20,2 ; 20,3 ; 20,8 ; 20,0 ; 19,7 ; NOP
31/05/2020 ; 17:40:04 ; 169,0 ; 2000,0 ; -10,1 ; 20,2 ; 20,3 ; 20,8 ; 20,0 ; 19,7 ; NOP
31/05/2020 ; 17:40:14 ; 169,3 ; 2000,0 ; -10,1 ; 20,2 ; 20,3 ; 20,8 ; 20,0 ; 19,7 ; NOP
31/05/2020 ; 17:40:24 ; 166,1 ; 2000,0 ; -10,2 ; 20,2 ; 20,3 ; 20,8 ; 20,0 ; 19,7 ; NOP
31/05/2020 ; 17:40:34 ; 166,1 ; 2000,0 ; -10,2 ; 20,2 ; 20,3 ; 20,8 ; 20,0 ; 19,7 ; NOP
31/05/2020 ; 17:40:44 ; 168,0 ; 2000,0 ; -10,0 ; 20,2 ; 20,3 ; 20,8 ; 20,0 ; 19,7 ; NOP
31/05/2020 ; 17:40:54 ; 166,1 ; 2000,0 ; -10,1 ; 20,2 ; 20,3 ; 20,8 ; 20,0 ; 19,7 ; NOP
31/05/2020 ; 17:41:04 ; 166,1 ; 2000,0 ; -10,0 ; 20,2 ; 20,3 ; 20,8 ; 20,0 ; 19,7 ; NOP
31/05/2020 ; 17:41:14 ; 168,3 ; 2000,0 ; -10,1 ; 20,2 ; 20,3 ; 20,8 ; 20,0 ; 19,7 ; NOP
31/05/2020 ; 17:41:24 ; 169,6 ; 2000,0 ; -10,1 ; 20,2 ; 20,3 ; 20,8 ; 20,0 ; 19,7 ; NOP
31/05/2020 ; 17:41:34 ; 166,1 ; 2000,0 ; -10,0 ; 20,2 ; 20,3 ; 20,8 ; 20,0 ; 19,7 ; NOP
31/05/2020 ; 17:41:44 ; 169,0 ; 2000,0 ; -10,1 ; 20,2 ; 20,3 ; 20,8 ; 20,0 ; 19,7 ; NOP
31/05/2020 ; 17:41:54 ; 166,1 ; 2000,0 ; -10,2 ; 20,2 ; 20,3 ; 20,8 ; 20,0 ; 19,7 ; NOP
31/05/2020 ; 17:42:04 ; 166,1 ; 2000,0 ; -10,0 ; 20,2 ; 20,3 ; 20,8 ; 20,0 ; 19,7 ; NOP
31/05/2020 ; 17:42:14 ; 166,1 ; 2000,0 ; -9,9 ; 20,2 ; 20,3 ; 20,8 ; 20,0 ; 19,7 ; NOP
31/05/2020 ; 17:42:24 ; 166,1 ; 2000,0 ; -10,1 ; 20,2 ; 20,3 ; 20,8 ; 20,0 ; 19,7 ; NOP
31/05/2020 ; 17:42:34 ; 166,1 ; 2000,0 ; -10,2 ; 20,2 ; 20,3 ; 20,8 ; 20,0 ; 19,7 ; NOP
31/05/2020 ; 17:42:44 ; 166,1 ; 2000,0 ; -10,0 ; 20,2 ; 20,3 ; 20,8 ; 20,0 ; 19,7 ; NOP
31/05/2020 ; 17:42:54 ; 166,1 ; 2000,0 ; -10,1 ; 20,2 ; 20,3 ; 20,8 ; 20,0 ; 19,7 ; NOP
31/05/2020 ; 17:43:04 ; 166,1 ; 2000,0 ; -10,0 ; 20,2 ; 20,3 ; 20,8 ; 20,0 ; 19,7 ; NOP
31/05/2020 ; 17:43:14 ; 169,6 ; 2000,0 ; -10,1 ; 20,2 ; 20,3 ; 20,8 ; 20,0 ; 19,7 ; NOP
31/05/2020 ; 17:43:24 ; 168,0 ; 2000,0 ; -10,1 ; 20,2 ; 20,3 ; 20,8 ; 20,0 ; 19,7 ; NOP
31/05/2020 ; 17:43:34 ; 166,1 ; 2000,0 ; -10,1 ; 20,2 ; 20,3 ; 20,8 ; 20,0 ; 19,7 ; NOP
31/05/2020 ; 17:43:44 ; 166,1 ; 2000,0 ; -10,1 ; 20,2 ; 20,3 ; 20,8 ; 20,0 ; 19,7 ; NOP
31/05/2020 ; 17:43:54 ; 168,0 ; 2000,0 ; -10,1 ; 20,2 ; 20,3 ; 20,8 ; 20,0 ; 19,7 ; NOP
31/05/2020 ; 17:44:04 ; 166,1 ; 2000,0 ; -10,3 ; 20,2 ; 20,3 ; 20,8 ; 20,0 ; 19,7 ; NOP
31/05/2020 ; 17:44:14 ; 169,6 ; 2000,0 ; -10,2 ; 20,2 ; 20,3 ; 20,8 ; 20,0 ; 19,7 ; NOP
31/05/2020 ; 17:44:24 ; 169,6 ; 2000,0 ; -10,1 ; 20,2 ; 20,3 ; 20,8 ; 20,0 ; 19,7 ; NOP
31/05/2020 ; 17:44:34 ; 168,6 ; 2000,0 ; -10,2 ; 20,2 ; 20,3 ; 20,8 ; 20,0 ; 19,7 ; NOP
31/05/2020 ; 17:44:44 ; 169,3 ; 2000,0 ; -10,1 ; 20,2 ; 20,3 ; 20,8 ; 20,0 ; 19,7 ; NOP
31/05/2020 ; 17:44:54 ; 169,3 ; 2000,0 ; -10,1 ; 20,2 ; 20,3 ; 20,8 ; 20,0 ; 19,7 ; NOP
31/05/2020 ; 17:45:04 ; 168,6 ; 2000,0 ; -10,1 ; 20,2 ; 20,3 ; 20,8 ; 20,0 ; 19,7 ; NOP
31/05/2020 ; 17:45:14 ; 169,6 ; 2000,0 ; -10,0 ; 20,2 ; 20,3 ; 20,8 ; 20,0 ; 19,7 ; NOP
31/05/2020 ; 17:45:24 ; 169,6 ; 2000,0 ; -10,0 ; 20,2 ; 20,3 ; 20,8 ; 20,0 ; 19,7 ; NOP
31/05/2020 ; 17:45:34 ; 169,6 ; 2000,0 ; -10,2 ; 20,2 ; 20,3 ; 20,8 ; 20,0 ; 19,7 ; NOP
31/05/2020 ; 17:45:44 ; 165,8 ; 2000,0 ; -10,1 ; 20,2 ; 20,3 ; 20,8 ; 20,0 ; 19,7 ; NOP
31/05/2020 ; 17:45:54 ; 169,6 ; 2000,0 ; -10,0 ; 20,2 ; 20,3 ; 20,8 ; 20,0 ; 19,7 ; NOP
31/05/2020 ; 17:46:04 ; 166,1 ; 2000,0 ; -10,0 ; 20,2 ; 20,3 ; 20,8 ; 20,0 ; 19,7 ; NOP
31/05/2020 ; 17:46:14 ; 166,1 ; 2000,0 ; -10,0 ; 20,2 ; 20,3 ; 20,8 ; 20,0 ; 19,7 ; NOP
31/05/2020 ; 17:46:24 ; 166,1 ; 2000,0 ; -10,1 ; 20,2 ; 20,3 ; 20,8 ; 20,0 ; 19,7 ; NOP
31/05/2020 ; 17:46:34 ; 166,1 ; 2000,0 ; -10,0 ; 20,2 ; 20,3 ; 20,8 ; 20,0 ; 19,7 ; NOP
31/05/2020 ; 17:46:44 ; 169,0 ; 2000,0 ; -10,1 ; 20,2 ; 20,3 ; 20,8 ; 20,0 ; 19,7 ; NOP
31/05/2020 ; 17:46:54 ; 166,1 ; 2000,0 ; -10,1 ; 20,2 ; 20,3 ; 20,8 ; 20,0 ; 19,7 ; NOP
31/05/2020 ; 17:47:04 ; 169,6 ; 2000,0 ; -10,1 ; 20,2 ; 20,3 ; 20,8 ; 20,0 ; 19,7 ; NOP
31/05/2020 ; 17:47:14 ; 168,0 ; 2000,0 ; -10,2 ; 20,2 ; 20,3 ; 20,8 ; 20,0 ; 19,7 ; NOP
31/05/2020 ; 17:47:24 ; 169,6 ; 2000,0 ; -10,1 ; 20,2 ; 20,3 ; 20,8 ; 20,0 ; 19,7 ; NOP
31/05/2020 ; 17:47:34 ; 169,6 ; 2000,0 ; -10,2 ; 20,2 ; 20,3 ; 20,8 ; 20,0 ; 19,7 ; NOP
31/05/2020 ; 17:47:44 ; 168,0 ; 2000,0 ; -10,2 ; 20,2 ; 20,3 ; 20,8 ; 20,0 ; 19,7 ; NOP
31/05/2020 ; 17:47:54 ; 169,0 ; 2000,0 ; -10,0 ; 20,2 ; 20,3 ; 20,8 ; 20,0 ; 19,7 ; NOP
31/05/2020 ; 17:48:04 ; 166,1 ; 2000,0 ; -10,1 ; 20,2 ; 20,3 ; 20,8 ; 20,0 ; 19,7 ; NOP
31/05/2020 ; 17:48:14 ; 166,1 ; 2000,0 ; -10,0 ; 20,2 ; 20,3 ; 20,8 ; 20,0 ; 19,7 ; NOP
31/05/2020 ; 17:48:24 ; 169,6 ; 2000,0 ; -10,2 ; 20,2 ; 20,3 ; 20,8 ; 20,0 ; 19,7 ; NOP
31/05/2020 ; 17:48:34 ; 166,1 ; 2000,0 ; -10,1 ; 20,2 ; 20,3 ; 20,8 ; 20,0 ; 19,7 ; NOP
31/05/2020 ; 17:48:44 ; 168,6 ; 2000,0 ; -10,0 ; 20,2 ; 20,3 ; 20,8 ; 20,0 ; 19,7 ; NOP
31/05/2020 ; 17:48:54 ; 168,0 ; 2000,0 ; -10,1 ; 20,2 ; 20,3 ; 20,8 ; 20,0 ; 19,7 ; NOP
31/05/2020 ; 17:49:04 ; 169,6 ; 2000,0 ; -10,1 ; 20,2 ; 20,3 ; 20,8 ; 20,0 ; 19,7 ; NOP
31/05/2020 ; 17:49:14 ; 168,0 ; 2000,0 ; -10,1 ; 20,2 ; 20,4 ; 20,8 ; 20,0 ; 19,7 ; NOP
31/05/2020 ; 17:49:24 ; 169,6 ; 2000,0 ; -10,3 ; 20,2 ; 20,4 ; 20,8 ; 20,0 ; 19,7 ; NOP
31/05/2020 ; 17:49:34 ; 169,0 ; 2000,0 ; -10,1 ; 20,2 ; 20,3 ; 20,8 ; 20,0 ; 19,7 ; NOP
31/05/2020 ; 17:49:44 ; 165,8 ; 2000,0 ; -10,2 ; 20,2 ; 20,3 ; 20,8 ; 20,0 ; 19,7 ; NOP
31/05/2020 ; 17:49:54 ; 166,1 ; 2000,0 ; -10,2 ; 20,2 ; 20,3 ; 20,8 ; 20,0 ; 19,7 ; NOP
31/05/2020 ; 17:50:04 ; 166,1 ; 2000,0 ; -10,2 ; 20,2 ; 20,4 ; 20,8 ; 20,0 ; 19,7 ; NOP
31/05/2020 ; 17:50:14 ; 168,0 ; 2000,0 ; -10,2 ; 20,2 ; 20,4 ; 20,8 ; 20,0 ; 19,7 ; NOP
31/05/2020 ; 17:50:24 ; 169,3 ; 2000,0 ; -10,2 ; 20,2 ; 20,3 ; 20,8 ; 20,0 ; 19,7 ; NOP
31/05/2020 ; 17:50:34 ; 169,6 ; 2000,0 ; -10,1 ; 20,2 ; 20,4 ; 20,8 ; 20,0 ; 19,7 ; NOP
31/05/2020 ; 17:50:44 ; 169,6 ; 2000,0 ; -10,0 ; 20,2 ; 20,4 ; 20,8 ; 20,0 ; 19,7 ; NOP
31/05/2020 ; 17:50:54 ; 169,6 ; 2000,0 ; -10,2 ; 20,2 ; 20,3 ; 20,8 ; 20,0 ; 19,7 ; NOP
31/05/2020 ; 17:51:04 ; 166,1 ; 2000,0 ; -10,1 ; 20,2 ; 20,4 ; 20,8 ; 20,0 ; 19,7 ; NOP
31/05/2020 ; 17:51:14 ; 169,6 ; 2000,0 ; -10,1 ; 20,2 ; 20,3 ; 20,8 ; 20,0 ; 19,7 ; NOP
31/05/2020 ; 17:51:24 ; 169,9 ; 2000,0 ; -10,2 ; 20,2 ; 20,4 ; 20,8 ; 20,0 ; 19,7 ; NOP
31/05/2020 ; 17:51:34 ; 169,3 ; 2000,0 ; -10,1 ; 20,2 ; 20,3 ; 20,8 ; 20,0 ; 19,7 ; NOP
31/05/2020 ; 17:51:44 ; 169,3 ; 2000,0 ; -10,0 ; 20,2 ; 20,3 ; 20,8 ; 20,0 ; 19,7 ; NOP
31/05/2020 ; 17:51:54 ; 166,1 ; 2000,0 ; -10,1 ; 20,2 ; 20,4 ; 20,8 ; 20,0 ; 19,7 ; NOP
31/05/2020 ; 17:52:04 ; 166,1 ; 2000,0 ; -10,1 ; 20,2 ; 20,4 ; 20,8 ; 20,0 ; 19,7 ; NOP
31/05/2020 ; 17:52:14 ; 169,9 ; 2000,0 ; -10,2 ; 20,2 ; 20,3 ; 20,8 ; 20,0 ; 19,7 ; NOP
31/05/2020 ; 17:52:24 ; 168,3 ; 2000,0 ; -10,1 ; 20,2 ; 20,3 ; 20,8 ; 20,0 ; 19,7 ; NOP
31/05/2020 ; 17:52:34 ; 168,0 ; 2000,0 ; -10,1 ; 20,2 ; 20,3 ; 20,8 ; 20,0 ; 19,7 ; NOP
31/05/2020 ; 17:52:44 ; 166,1 ; 2000,0 ; -10,2 ; 20,2 ; 20,3 ; 20,8 ; 20,0 ; 19,7 ; NOP
31/05/2020 ; 17:52:54 ; 168,3 ; 2000,0 ; -10,1 ; 20,2 ; 20,3 ; 20,8 ; 20,0 ; 19,7 ; NOP
31/05/2020 ; 17:53:04 ; 169,6 ; 2000,0 ; -10,1 ; 20,2 ; 20,4 ; 20,8 ; 20,0 ; 19,7 ; NOP
31/05/2020 ; 17:53:14 ; 169,3 ; 2000,0 ; -10,1 ; 20,2 ; 20,3 ; 20,8 ; 20,0 ; 19,7 ; NOP
31/05/2020 ; 17:53:24 ; 165,8 ; 2000,0 ; -10,1 ; 20,2 ; 20,3 ; 20,8 ; 20,0 ; 19,7 ; NOP
31/05/2020 ; 17:53:34 ; 169,9 ; 2000,0 ; -10,1 ; 20,2 ; 20,4 ; 20,8 ; 20,0 ; 19,7 ; NOP
31/05/2020 ; 17:53:44 ; 168,6 ; 2000,0 ; -10,1 ; 20,2 ; 20,4 ; 20,8 ; 20,0 ; 19,7 ; NOP
31/05/2020 ; 17:53:54 ; 169,6 ; 2000,0 ; -10,1 ; 20,2 ; 20,4 ; 20,8 ; 20,0 ; 19,7 ; NOP
31/05/2020 ; 17:54:04 ; 169,3 ; 2000,0 ; -10,1 ; 20,2 ; 20,4 ; 20,8 ; 20,0 ; 19,7 ; NOP
31/05/2020 ; 17:54:14 ; 169,3 ; 2000,0 ; -10,1 ; 20,2 ; 20,4 ; 20,8 ; 20,0 ; 19,7 ; NOP
31/05/2020 ; 17:54:24 ; 168,6 ; 2000,0 ; -10,1 ; 20,2 ; 20,4 ; 20,8 ; 20,0 ; 19,7 ; NOP
31/05/2020 ; 17:54:34 ; 169,3 ; 2000,0 ; -10,1 ; 20,2 ; 20,4 ; 20,8 ; 20,0 ; 19,7 ; NOP
31/05/2020 ; 17:54:44 ; 169,6 ; 2000,0 ; -10,1 ; 20,2 ; 20,4 ; 20,8 ; 20,0 ; 19,7 ; NOP
31/05/2020 ; 17:54:54 ; 169,3 ; 2000,0 ; -10,2 ; 20,2 ; 20,3 ; 20,8 ; 20,0 ; 19,7 ; NOP
31/05/2020 ; 17:55:04 ; 166,1 ; 2000,0 ; -10,1 ; 20,2 ; 20,4 ; 20,8 ; 20,0 ; 19,7 ; NOP
31/05/2020 ; 17:55:14 ; 169,6 ; 2000,0 ; -10,0 ; 20,2 ; 20,4 ; 20,8 ; 20,0 ; 19,7 ; NOP
31/05/2020 ; 17:55:24 ; 166,1 ; 2000,0 ; -10,1 ; 20,2 ; 20,4 ; 20,8 ; 20,0 ; 19,7 ; NOP
31/05/2020 ; 17:55:34 ; 166,1 ; 2000,0 ; -10,1 ; 20,2 ; 20,4 ; 20,8 ; 20,0 ; 19,7 ; NOP
31/05/2020 ; 17:55:44 ; 169,0 ; 2000,0 ; -10,2 ; 20,2 ; 20,4 ; 20,8 ; 20,0 ; 19,8 ; NOP
31/05/2020 ; 17:55:54 ; 168,0 ; 2000,0 ; -10,1 ; 20,2 ; 20,4 ; 20,8 ; 20,0 ; 19,7 ; NOP
31/05/2020 ; 17:56:04 ; 166,1 ; 2000,0 ; -10,1 ; 20,2 ; 20,4 ; 20,8 ; 20,0 ; 19,8 ; NOP
31/05/2020 ; 17:56:14 ; 166,1 ; 2000,0 ; -10,1 ; 20,2 ; 20,4 ; 20,8 ; 20,0 ; 19,8 ; NOP
31/05/2020 ; 17:56:24 ; 168,0 ; 2000,0 ; -10,2 ; 20,2 ; 20,4 ; 20,8 ; 20,0 ; 19,8 ; NOP
31/05/2020 ; 17:56:34 ; 165,8 ; 2000,0 ; -10,3 ; 20,2 ; 20,4 ; 20,8 ; 20,0 ; 19,8 ; NOP
31/05/2020 ; 17:56:44 ; 166,1 ; 2000,0 ; -10,1 ; 20,2 ; 20,4 ; 20,8 ; 20,0 ; 19,8 ; NOP
31/05/2020 ; 17:56:54 ; 169,3 ; 2000,0 ; -10,1 ; 20,2 ; 20,4 ; 20,8 ; 20,0 ; 19,8 ; NOP
31/05/2020 ; 17:57:04 ; 166,1 ; 2000,0 ; -10,2 ; 20,2 ; 20,4 ; 20,8 ; 20,0 ; 19,8 ; NOP
31/05/2020 ; 17:57:14 ; 168,0 ; 2000,0 ; -10,1 ; 20,2 ; 20,4 ; 20,8 ; 20,0 ; 19,8 ; NOP
31/05/2020 ; 17:57:24 ; 166,1 ; 2000,0 ; -10,1 ; 20,2 ; 20,4 ; 20,8 ; 20,0 ; 19,8 ; NOP
31/05/2020 ; 17:57:34 ; 168,0 ; 2000,0 ; -10,0 ; 20,2 ; 20,4 ; 20,8 ; 20,0 ; 19,8 ; NOP
31/05/2020 ; 17:57:44 ; 169,3 ; 2000,0 ; -10,1 ; 20,2 ; 20,4 ; 20,8 ; 20,0 ; 19,8 ; NOP
31/05/2020 ; 17:57:54 ; 166,1 ; 2000,0 ; -10,1 ; 20,2 ; 20,4 ; 20,8 ; 20,0 ; 19,8 ; NOP
31/05/2020 ; 17:58:04 ; 168,0 ; 2000,0 ; -10,1 ; 20,2 ; 20,4 ; 20,8 ; 20,0 ; 19,8 ; NOP
31/05/2020 ; 17:58:14 ; 169,6 ; 2000,0 ; -10,1 ; 20,2 ; 20,4 ; 20,8 ; 20,0 ; 19,8 ; NOP
31/05/2020 ; 17:58:24 ; 166,1 ; 2000,0 ; -10,0 ; 20,2 ; 20,4 ; 20,8 ; 20,0 ; 19,8 ; NOP
31/05/2020 ; 17:58:34 ; 166,1 ; 2000,0 ; -10,0 ; 20,2 ; 20,4 ; 20,8 ; 20,0 ; 19,8 ; NOP
31/05/2020 ; 17:58:44 ; 168,0 ; 2000,0 ; -10,1 ; 20,2 ; 20,4 ; 20,8 ; 20,0 ; 19,8 ; NOP
31/05/2020 ; 17:58:54 ; 169,6 ; 2000,0 ; -10,1 ; 20,2 ; 20,4 ; 20,8 ; 20,0 ; 19,8 ; NOP
31/05/2020 ; 17:59:04 ; 169,6 ; 2000,0 ; -10,0 ; 20,2 ; 20,4 ; 20,8 ; 20,0 ; 19,8 ; NOP
31/05/2020 ; 17:59:14 ; 169,3 ; 2000,0 ; -10,0 ; 20,2 ; 20,4 ; 20,8 ; 20,0 ; 19,8 ; NOP
31/05/2020 ; 17:59:24 ; 168,0 ; 2000,0 ; -10,1 ; 20,2 ; 20,4 ; 20,8 ; 20,0 ; 19,8 ; NOP
31/05/2020 ; 17:59:34 ; 166,1 ; 2000,0 ; -10,0 ; 20,2 ; 20,4 ; 20,8 ; 20,0 ; 19,8 ; NOP
31/05/2020 ; 17:59:44 ; 165,8 ; 2000,0 ; -10,2 ; 20,2 ; 20,4 ; 20,8 ; 20,0 ; 19,8 ; NOP
31/05/2020 ; 17:59:54 ; 165,8 ; 2000,0 ; -10,2 ; 20,2 ; 20,4 ; 20,8 ; 20,0 ; 19,8 ; NOP
31/05/2020 ; 18:00:04 ; 168,0 ; 2000,0 ; -10,2 ; 20,2 ; 20,4 ; 20,8 ; 20,0 ; 19,8 ; NOP
31/05/2020 ; 18:00:14 ; 169,3 ; 2000,0 ; -10,2 ; 20,2 ; 20,4 ; 20,8 ; 20,0 ; 19,8 ; NOP
31/05/2020 ; 18:00:24 ; 169,6 ; 2000,0 ; -10,1 ; 20,2 ; 20,4 ; 20,8 ; 20,0 ; 19,8 ; NOP
31/05/2020 ; 18:00:34 ; 168,0 ; 2000,0 ; -10,0 ; 20,2 ; 20,4 ; 20,8 ; 20,0 ; 19,8 ; NOP
31/05/2020 ; 18:00:44 ; 169,6 ; 2000,0 ; -10,1 ; 20,2 ; 20,4 ; 20,8 ; 20,0 ; 19,8 ; NOP
31/05/2020 ; 18:00:54 ; 169,6 ; 2000,0 ; -10,0 ; 20,2 ; 20,4 ; 20,8 ; 20,0 ; 19,8 ; NOP
31/05/2020 ; 18:01:04 ; 166,1 ; 2000,0 ; -10,2 ; 20,2 ; 20,4 ; 20,8 ; 20,0 ; 19,8 ; NOP
31/05/2020 ; 18:01:14 ; 168,6 ; 2000,0 ; -10,0 ; 20,2 ; 20,4 ; 20,8 ; 20,0 ; 19,8 ; NOP
31/05/2020 ; 18:01:24 ; 169,6 ; 2000,0 ; -10,1 ; 20,2 ; 20,4 ; 20,8 ; 20,0 ; 19,8 ; NOP
31/05/2020 ; 18:01:34 ; 169,6 ; 2000,0 ; -10,1 ; 20,2 ; 20,4 ; 20,8 ; 20,0 ; 19,8 ; NOP
31/05/2020 ; 18:01:45 ; 169,9 ; 2000,0 ; -10,1 ; 20,2 ; 20,4 ; 20,8 ; 20,0 ; 19,8 ; NOP
31/05/2020 ; 18:01:54 ; 168,0 ; 2000,0 ; -10,0 ; 20,2 ; 20,4 ; 20,8 ; 20,0 ; 19,8 ; NOP
31/05/2020 ; 18:03:34 ; 166,1 ; 2000,0 ; -10,1 ; 20,2 ; 20,4 ; 20,8 ; 20,0 ; 19,8 ; NOP
31/05/2020 ; 18:03:44 ; 166,1 ; 2000,0 ; -10,1 ; 20,2 ; 20,4 ; 20,8 ; 20,0 ; 19,8 ; NOP
31/05/2020 ; 18:03:54 ; 166,1 ; 2000,0 ; -10,2 ; 20,2 ; 20,4 ; 20,8 ; 20,0 ; 19,8 ; NOP
31/05/2020 ; 18:04:04 ; 166,1 ; 2000,0 ; -10,0 ; 20,2 ; 20,4 ; 20,8 ; 20,0 ; 19,8 ; NOP
31/05/2020 ; 18:04:14 ; 166,1 ; 2000,0 ; -10,0 ; 20,2 ; 20,4 ; 20,8 ; 20,0 ; 19,8 ; NOP
31/05/2020 ; 18:04:24 ; 166,1 ; 2000,0 ; -10,1 ; 20,2 ; 20,4 ; 20,8 ; 20,0 ; 19,8 ; NOP
31/05/2020 ; 18:04:34 ; 169,0 ; 2000,0 ; -10,2 ; 20,2 ; 20,4 ; 20,8 ; 20,0 ; 19,8 ; NOP
31/05/2020 ; 18:04:44 ; 168,3 ; 2000,0 ; -10,2 ; 20,2 ; 20,4 ; 20,8 ; 20,0 ; 19,8 ; NOP
31/05/2020 ; 18:04:54 ; 168,6 ; 2000,0 ; -10,1 ; 20,2 ; 20,4 ; 20,8 ; 20,0 ; 19,8 ; NOP
31/05/2020 ; 18:05:04 ; 166,1 ; 2000,0 ; -10,2 ; 20,2 ; 20,4 ; 20,8 ; 20,0 ; 19,8 ; NOP
31/05/2020 ; 18:05:14 ; 166,1 ; 2000,0 ; -10,1 ; 20,2 ; 20,4 ; 20,8 ; 20,0 ; 19,8 ; NOP
31/05/2020 ; 18:05:24 ; 168,0 ; 2000,0 ; -10,2 ; 20,2 ; 20,4 ; 20,8 ; 20,0 ; 19,8 ; NOP
31/05/2020 ; 18:05:34 ; 165,8 ; 2000,0 ; -10,1 ; 20,2 ; 20,4 ; 20,8 ; 20,0 ; 19,8 ; NOP
