10000
27/04/2021 ; 08:41:01 ; 119,2 ; 2000,0 ; 23,9 ; 27,1 ; 23,3 ; 23,6 ; NOP
27/04/2021 ; 08:41:11 ; 119,6 ; 2000,0 ; 24,0 ; 27,1 ; 23,3 ; 23,6 ; NOP
27/04/2021 ; 08:41:21 ; 120,0 ; 2000,0 ; 24,0 ; 27,1 ; 23,4 ; 23,6 ; NOP
27/04/2021 ; 08:41:31 ; 120,0 ; 2000,0 ; 24,0 ; 27,1 ; 23,4 ; 23,6 ; NOP
27/04/2021 ; 08:41:41 ; 119,9 ; 2000,0 ; 24,1 ; 27,0 ; 23,4 ; 23,6 ; NOP
27/04/2021 ; 08:41:51 ; 119,4 ; 2000,0 ; 24,1 ; 27,0 ; 23,4 ; 23,6 ; NOP
27/04/2021 ; 08:42:01 ; 119,5 ; 2000,0 ; 24,1 ; 27,0 ; 23,4 ; 23,6 ; NOP
27/04/2021 ; 08:42:11 ; 119,4 ; 2000,0 ; 24,0 ; 27,0 ; 23,5 ; 23,6 ; NOP
27/04/2021 ; 08:42:21 ; 119,3 ; 2000,0 ; 24,1 ; 27,0 ; 23,5 ; 23,6 ; NOP
27/04/2021 ; 08:42:31 ; 119,5 ; 2000,0 ; 24,1 ; 27,0 ; 23,5 ; 23,6 ; NOP
27/04/2021 ; 08:42:41 ; 119,4 ; 2000,0 ; 24,1 ; 27,0 ; 23,5 ; 23,6 ; NOP
27/04/2021 ; 08:42:51 ; 119,4 ; 2000,0 ; 24,1 ; 27,0 ; 23,5 ; 23,6 ; NOP
27/04/2021 ; 08:43:01 ; 119,9 ; 2000,0 ; 24,1 ; 27,0 ; 23,5 ; 23,6 ; NOP
27/04/2021 ; 08:43:11 ; 119,9 ; 2000,0 ; 24,2 ; 27,0 ; 23,5 ; 23,6 ; NOP
27/04/2021 ; 08:43:21 ; 119,9 ; 2000,0 ; 24,2 ; 27,0 ; 23,5 ; 23,7 ; NOP
27/04/2021 ; 08:43:31 ; 119,7 ; 2000,0 ; 24,1 ; 27,0 ; 23,6 ; 23,7 ; NOP
27/04/2021 ; 08:43:41 ; 119,5 ; 2000,0 ; 24,1 ; 27,0 ; 23,6 ; 23,7 ; NOP
27/04/2021 ; 08:43:51 ; 119,7 ; 2000,0 ; 24,1 ; 27,0 ; 23,5 ; 23,6 ; NOP
27/04/2021 ; 08:44:01 ; 119,9 ; 2000,0 ; 24,1 ; 27,0 ; 23,5 ; 23,6 ; NOP
27/04/2021 ; 08:44:11 ; 119,9 ; 2000,0 ; 24,1 ; 26,9 ; 23,5 ; 23,6 ; NOP
27/04/2021 ; 08:44:21 ; 119,6 ; 2000,0 ; 24,1 ; 26,9 ; 23,5 ; 23,6 ; NOP
27/04/2021 ; 08:44:31 ; 119,5 ; 2000,0 ; 24,1 ; 26,8 ; 23,5 ; 23,6 ; NOP
27/04/2021 ; 08:44:41 ; 119,9 ; 2000,0 ; 24,0 ; 26,8 ; 23,4 ; 23,6 ; NOP
27/04/2021 ; 08:44:51 ; 119,9 ; 2000,0 ; 24,0 ; 26,8 ; 23,4 ; 23,6 ; NOP
27/04/2021 ; 08:45:01 ; 120,0 ; 2000,0 ; 24,0 ; 26,8 ; 23,4 ; 23,6 ; NOP
27/04/2021 ; 08:45:11 ; 119,3 ; 2000,0 ; 24,1 ; 26,8 ; 23,4 ; 23,6 ; NOP
27/04/2021 ; 08:45:21 ; 119,5 ; 2000,0 ; 24,1 ; 26,8 ; 23,4 ; 23,6 ; NOP
27/04/2021 ; 08:45:31 ; 119,6 ; 2000,0 ; 24,1 ; 26,9 ; 23,4 ; 23,6 ; NOP
27/04/2021 ; 08:45:41 ; 119,5 ; 2000,0 ; 24,1 ; 26,8 ; 23,5 ; 23,7 ; NOP
27/04/2021 ; 08:45:51 ; 119,5 ; 2000,0 ; 24,1 ; 26,8 ; 23,5 ; 23,6 ; NOP
27/04/2021 ; 08:46:01 ; 119,5 ; 2000,0 ; 24,1 ; 26,8 ; 23,5 ; 23,7 ; NOP
27/04/2021 ; 08:46:11 ; 119,6 ; 2000,0 ; 24,1 ; 26,8 ; 23,5 ; 23,7 ; NOP
27/04/2021 ; 08:46:21 ; 119,7 ; 2000,0 ; 24,1 ; 26,8 ; 23,4 ; 23,7 ; NOP
27/04/2021 ; 08:46:31 ; 117,4 ; 2000,0 ; 24,1 ; 26,9 ; 23,4 ; 23,6 ; NOP
27/04/2021 ; 08:46:41 ; 117,5 ; 1363,2 ; 24,8 ; 26,8 ; 23,5 ; 23,7 ; NOP
27/04/2021 ; 08:46:51 ; 117,5 ; 1229,0 ; 25,5 ; 26,8 ; 23,5 ; 23,8 ; NOP
27/04/2021 ; 08:47:01 ; 117,9 ; 1170,0 ; 25,9 ; 26,9 ; 23,5 ; 23,8 ; NOP
27/04/2021 ; 08:47:11 ; 117,7 ; 1134,2 ; 26,2 ; 26,8 ; 23,5 ; 23,9 ; NOP
27/04/2021 ; 08:47:21 ; 117,7 ; 1134,2 ; 26,2 ; 26,8 ; 23,5 ; 23,9 ; NOP
27/04/2021 ; 08:47:31 ; 117,7 ; 1091,3 ; 26,2 ; 26,8 ; 23,5 ; 24,1 ; NOP
27/04/2021 ; 08:47:41 ; 117,6 ; 1072,9 ; 26,2 ; 26,8 ; 23,5 ; 24,2 ; NOP
27/04/2021 ; 08:47:51 ; 117,5 ; 1055,5 ; 26,2 ; 26,8 ; 23,5 ; 24,2 ; NOP
27/04/2021 ; 08:48:01 ; 117,5 ; 1048,3 ; 26,0 ; 26,7 ; 23,5 ; 24,3 ; NOP
27/04/2021 ; 08:48:11 ; 117,9 ; 1047,1 ; 26,0 ; 26,7 ; 23,5 ; 24,3 ; NOP
27/04/2021 ; 08:48:21 ; 117,9 ; 1035,0 ; 26,2 ; 26,7 ; 23,5 ; 24,3 ; NOP
27/04/2021 ; 08:48:31 ; 117,9 ; 1032,5 ; 26,4 ; 26,7 ; 23,5 ; 24,3 ; NOP
27/04/2021 ; 08:48:41 ; 117,9 ; 1023,3 ; 26,6 ; 26,7 ; 23,5 ; 24,3 ; NOP
27/04/2021 ; 08:48:51 ; 117,9 ; 1016,7 ; 26,8 ; 26,8 ; 23,6 ; 24,4 ; NOP
27/04/2021 ; 08:49:01 ; 118,0 ; 1010,5 ; 27,0 ; 26,7 ; 23,6 ; 24,5 ; NOP
27/04/2021 ; 08:49:11 ; 117,9 ; 1003,6 ; 27,2 ; 26,7 ; 23,6 ; 24,5 ; NOP
27/04/2021 ; 08:49:21 ; 117,9 ; 1003,9 ; 27,4 ; 26,8 ; 23,6 ; 24,5 ; NOP
27/04/2021 ; 08:49:31 ; 117,9 ; 1001,3 ; 27,4 ; 26,8 ; 23,6 ; 24,5 ; NOP
27/04/2021 ; 08:49:41 ; 118,0 ; 998,2 ; 27,6 ; 26,8 ; 23,6 ; 24,6 ; NOP
27/04/2021 ; 08:49:51 ; 118,0 ; 996,7 ; 27,6 ; 26,8 ; 23,7 ; 24,6 ; NOP
27/04/2021 ; 08:50:01 ; 118,2 ; 996,9 ; 27,6 ; 26,8 ; 23,7 ; 24,5 ; NOP
27/04/2021 ; 08:50:11 ; 118,0 ; 991,6 ; 27,6 ; 26,7 ; 23,7 ; 24,6 ; NOP
27/04/2021 ; 08:50:21 ; 118,0 ; 997,6 ; 27,6 ; 26,7 ; 23,7 ; 24,6 ; NOP
27/04/2021 ; 08:50:31 ; 114,1 ; 998,2 ; 27,6 ; 26,7 ; 23,8 ; 24,6 ; NOP
27/04/2021 ; 08:50:41 ; 115,5 ; 998,2 ; 27,8 ; 26,7 ; 23,8 ; 24,6 ; NOP
27/04/2021 ; 08:50:51 ; 115,9 ; 998,2 ; 27,9 ; 26,7 ; 23,9 ; 24,7 ; NOP
27/04/2021 ; 08:51:01 ; 117,6 ; 995,7 ; 28,0 ; 26,8 ; 23,9 ; 24,7 ; NOP
27/04/2021 ; 08:51:11 ; 114,2 ; 991,1 ; 28,1 ; 27,0 ; 23,9 ; 24,7 ; NOP
27/04/2021 ; 08:51:21 ; 114,2 ; 987,8 ; 28,2 ; 27,2 ; 23,9 ; 24,7 ; NOP
27/04/2021 ; 08:51:31 ; 114,4 ; 986,0 ; 28,2 ; 27,9 ; 23,9 ; 24,8 ; NOP
27/04/2021 ; 08:51:41 ; 114,3 ; 991,1 ; 28,2 ; 28,4 ; 23,9 ; 24,8 ; NOP
27/04/2021 ; 08:51:51 ; 114,2 ; 988,5 ; 28,2 ; 28,6 ; 23,9 ; 24,8 ; NOP
27/04/2021 ; 08:52:01 ; 114,4 ; 991,1 ; 28,0 ; 28,9 ; 23,9 ; 24,8 ; NOP
27/04/2021 ; 08:52:11 ; 114,5 ; 991,1 ; 27,6 ; 29,2 ; 23,9 ; 24,7 ; NOP
27/04/2021 ; 08:52:21 ; 114,5 ; 991,6 ; 27,5 ; 29,5 ; 23,9 ; 24,7 ; NOP
27/04/2021 ; 08:52:31 ; 114,4 ; 991,1 ; 27,8 ; 29,7 ; 23,9 ; 24,8 ; NOP
27/04/2021 ; 08:52:41 ; 114,6 ; 978,8 ; 27,6 ; 30,0 ; 23,9 ; 24,8 ; NOP
27/04/2021 ; 08:52:51 ; 114,3 ; 976,8 ; 27,6 ; 30,3 ; 23,9 ; 24,8 ; NOP
27/04/2021 ; 08:53:01 ; 114,9 ; 987,8 ; 27,8 ; 30,5 ; 23,9 ; 24,8 ; NOP
27/04/2021 ; 08:53:11 ; 116,1 ; 989,1 ; 27,8 ; 30,7 ; 23,9 ; 24,8 ; NOP
27/04/2021 ; 08:53:21 ; 116,2 ; 991,1 ; 27,9 ; 30,9 ; 23,9 ; 24,8 ; NOP
27/04/2021 ; 08:53:31 ; 116,8 ; 989,8 ; 28,0 ; 31,2 ; 23,9 ; 24,9 ; NOP
27/04/2021 ; 08:53:41 ; 118,3 ; 986,0 ; 28,2 ; 31,4 ; 23,9 ; 24,9 ; NOP
27/04/2021 ; 08:53:51 ; 118,5 ; 991,1 ; 27,9 ; 31,6 ; 23,9 ; 24,9 ; NOP
27/04/2021 ; 08:54:01 ; 118,3 ; 990,1 ; 28,0 ; 31,7 ; 23,8 ; 25,0 ; NOP
27/04/2021 ; 08:54:11 ; 118,4 ; 982,0 ; 28,0 ; 32,0 ; 23,8 ; 25,0 ; NOP
27/04/2021 ; 08:54:21 ; 118,4 ; 989,1 ; 28,2 ; 32,1 ; 23,9 ; 25,0 ; NOP
27/04/2021 ; 08:54:31 ; 118,5 ; 987,0 ; 28,5 ; 32,4 ; 23,9 ; 25,0 ; NOP
27/04/2021 ; 08:54:41 ; 118,5 ; 986,5 ; 28,6 ; 32,5 ; 23,9 ; 24,9 ; NOP
27/04/2021 ; 08:54:51 ; 118,1 ; 984,4 ; 28,6 ; 32,7 ; 23,9 ; 24,9 ; NOP
27/04/2021 ; 08:55:01 ; 114,1 ; 963,5 ; 28,6 ; 32,8 ; 23,9 ; 24,9 ; NOP
27/04/2021 ; 08:55:11 ; 114,1 ; 963,1 ; 28,7 ; 33,0 ; 23,9 ; 25,0 ; NOP
27/04/2021 ; 08:55:21 ; 114,3 ; 953,3 ; 28,7 ; 33,3 ; 23,9 ; 25,0 ; NOP
27/04/2021 ; 08:55:31 ; 115,6 ; 961,4 ; 28,2 ; 33,4 ; 23,9 ; 24,9 ; NOP
27/04/2021 ; 08:55:41 ; 118,0 ; 963,1 ; 28,3 ; 33,6 ; 23,9 ; 25,0 ; NOP
27/04/2021 ; 08:55:51 ; 117,9 ; 961,4 ; 28,6 ; 33,8 ; 23,9 ; 25,0 ; NOP
27/04/2021 ; 08:56:01 ; 118,0 ; 961,8 ; 28,6 ; 33,9 ; 23,9 ; 25,1 ; NOP
27/04/2021 ; 08:56:11 ; 117,5 ; 966,4 ; 28,6 ; 34,1 ; 23,9 ; 25,1 ; NOP
27/04/2021 ; 08:56:21 ; 113,9 ; 972,5 ; 28,4 ; 34,3 ; 24,0 ; 25,1 ; NOP
27/04/2021 ; 08:56:31 ; 114,2 ; 967,6 ; 28,6 ; 34,3 ; 24,0 ; 25,1 ; NOP
27/04/2021 ; 08:56:41 ; 114,6 ; 947,6 ; 28,8 ; 34,5 ; 24,0 ; 25,2 ; NOP
27/04/2021 ; 08:56:51 ; 117,2 ; 948,2 ; 29,0 ; 34,7 ; 24,0 ; 25,2 ; NOP
27/04/2021 ; 08:57:01 ; 118,0 ; 944,1 ; 29,0 ; 34,8 ; 24,0 ; 25,2 ; NOP
27/04/2021 ; 08:57:11 ; 118,0 ; 941,0 ; 29,0 ; 35,0 ; 24,0 ; 25,2 ; NOP
27/04/2021 ; 08:57:21 ; 118,0 ; 941,0 ; 29,0 ; 35,1 ; 24,1 ; 25,2 ; NOP
27/04/2021 ; 08:57:31 ; 117,7 ; 941,0 ; 29,2 ; 35,1 ; 24,1 ; 25,2 ; NOP
27/04/2021 ; 08:57:41 ; 118,0 ; 944,1 ; 29,2 ; 35,2 ; 24,1 ; 25,2 ; NOP
27/04/2021 ; 08:57:51 ; 118,0 ; 941,7 ; 29,1 ; 35,1 ; 24,1 ; 25,2 ; NOP
27/04/2021 ; 08:58:01 ; 117,9 ; 943,6 ; 29,0 ; 35,1 ; 24,2 ; 25,3 ; NOP
27/04/2021 ; 08:58:11 ; 118,0 ; 945,6 ; 28,8 ; 35,0 ; 24,2 ; 25,3 ; NOP
27/04/2021 ; 08:58:21 ; 118,1 ; 943,6 ; 28,4 ; 34,9 ; 24,2 ; 25,4 ; NOP
27/04/2021 ; 08:58:31 ; 118,0 ; 944,6 ; 28,4 ; 34,9 ; 24,3 ; 25,4 ; NOP
27/04/2021 ; 08:58:41 ; 118,2 ; 937,9 ; 28,0 ; 34,9 ; 24,3 ; 25,5 ; NOP
27/04/2021 ; 08:58:51 ; 118,1 ; 944,6 ; 27,8 ; 34,8 ; 24,2 ; 25,5 ; NOP
27/04/2021 ; 08:59:01 ; 118,1 ; 945,6 ; 27,8 ; 34,8 ; 24,2 ; 25,5 ; NOP
27/04/2021 ; 08:59:11 ; 118,6 ; 941,7 ; 27,8 ; 34,7 ; 24,2 ; 25,5 ; NOP
27/04/2021 ; 08:59:21 ; 118,6 ; 941,0 ; 28,3 ; 34,7 ; 24,1 ; 25,5 ; NOP
27/04/2021 ; 08:59:31 ; 118,6 ; 962,5 ; 28,6 ; 34,6 ; 24,2 ; 25,6 ; NOP
27/04/2021 ; 08:59:41 ; 118,6 ; 963,0 ; 29,0 ; 34,6 ; 24,2 ; 25,6 ; NOP
27/04/2021 ; 08:59:51 ; 118,6 ; 965,1 ; 29,2 ; 34,6 ; 24,2 ; 25,6 ; NOP
27/04/2021 ; 09:00:01 ; 118,1 ; 962,5 ; 29,4 ; 34,5 ; 24,2 ; 25,6 ; NOP
27/04/2021 ; 09:00:11 ; 118,0 ; 959,9 ; 29,2 ; 34,5 ; 24,2 ; 25,6 ; NOP
27/04/2021 ; 09:00:21 ; 118,1 ; 957,4 ; 29,2 ; 34,4 ; 24,2 ; 25,6 ; NOP
27/04/2021 ; 09:00:31 ; 118,3 ; 962,0 ; 29,2 ; 34,4 ; 24,3 ; 25,7 ; NOP
27/04/2021 ; 09:00:41 ; 118,5 ; 969,0 ; 29,4 ; 34,3 ; 24,3 ; 25,7 ; NOP
27/04/2021 ; 09:00:51 ; 118,4 ; 963,0 ; 29,4 ; 34,3 ; 24,3 ; 25,7 ; NOP
27/04/2021 ; 09:01:01 ; 118,2 ; 976,8 ; 29,6 ; 34,3 ; 24,4 ; 25,7 ; NOP
27/04/2021 ; 09:01:11 ; 118,3 ; 971,7 ; 29,6 ; 34,3 ; 24,4 ; 25,7 ; NOP
27/04/2021 ; 09:01:21 ; 118,1 ; 972,2 ; 29,7 ; 34,2 ; 24,3 ; 25,7 ; NOP
27/04/2021 ; 09:01:31 ; 118,1 ; 973,2 ; 29,7 ; 34,2 ; 24,3 ; 25,7 ; NOP
27/04/2021 ; 09:01:41 ; 118,3 ; 982,4 ; 29,7 ; 34,2 ; 24,4 ; 25,6 ; NOP
27/04/2021 ; 09:01:51 ; 118,1 ; 980,7 ; 29,7 ; 34,2 ; 24,4 ; 25,6 ; NOP
27/04/2021 ; 09:02:01 ; 118,4 ; 985,9 ; 29,8 ; 34,1 ; 24,4 ; 25,6 ; NOP
27/04/2021 ; 09:02:11 ; 118,1 ; 982,9 ; 29,8 ; 34,1 ; 24,5 ; 25,6 ; NOP
27/04/2021 ; 09:02:21 ; 118,1 ; 978,3 ; 29,8 ; 34,0 ; 24,5 ; 25,7 ; NOP
27/04/2021 ; 09:02:31 ; 118,3 ; 969,6 ; 29,9 ; 34,0 ; 24,5 ; 25,7 ; NOP
27/04/2021 ; 09:02:41 ; 118,3 ; 969,6 ; 29,9 ; 34,0 ; 24,5 ; 25,7 ; NOP
27/04/2021 ; 09:02:51 ; 118,3 ; 969,6 ; 29,9 ; 34,0 ; 24,5 ; 25,7 ; NOP
27/04/2021 ; 09:03:01 ; 118,3 ; 969,6 ; 29,9 ; 34,0 ; 24,5 ; 25,7 ; NOP
27/04/2021 ; 09:03:11 ; 118,0 ; 962,5 ; 29,8 ; 33,8 ; 24,5 ; 25,8 ; NOP
27/04/2021 ; 09:03:21 ; 118,0 ; 963,1 ; 29,9 ; 33,7 ; 24,5 ; 25,8 ; NOP
27/04/2021 ; 09:03:31 ; 118,0 ; 963,1 ; 30,0 ; 33,6 ; 24,6 ; 25,8 ; NOP
27/04/2021 ; 09:03:41 ; 117,9 ; 962,0 ; 30,0 ; 33,6 ; 24,6 ; 25,9 ; NOP
27/04/2021 ; 09:03:51 ; 117,9 ; 958,4 ; 29,6 ; 33,6 ; 24,6 ; 25,9 ; NOP
27/04/2021 ; 09:04:01 ; 117,9 ; 962,5 ; 29,4 ; 33,6 ; 24,6 ; 25,8 ; NOP
27/04/2021 ; 09:04:11 ; 118,0 ; 962,5 ; 29,8 ; 33,6 ; 24,6 ; 25,8 ; NOP
27/04/2021 ; 09:04:21 ; 118,1 ; 961,2 ; 30,1 ; 33,6 ; 24,6 ; 25,9 ; NOP
27/04/2021 ; 09:04:31 ; 118,0 ; 957,9 ; 30,2 ; 33,6 ; 24,6 ; 25,8 ; NOP
27/04/2021 ; 09:04:41 ; 117,9 ; 957,3 ; 30,2 ; 33,6 ; 24,6 ; 25,8 ; NOP
27/04/2021 ; 09:04:51 ; 118,0 ; 959,9 ; 30,3 ; 33,5 ; 24,6 ; 25,8 ; NOP
27/04/2021 ; 09:05:01 ; 118,1 ; 962,0 ; 30,4 ; 33,5 ; 24,6 ; 25,8 ; NOP
27/04/2021 ; 09:05:11 ; 114,0 ; 958,9 ; 29,8 ; 33,5 ; 24,6 ; 25,8 ; NOP
27/04/2021 ; 09:05:21 ; 113,9 ; 957,9 ; 28,8 ; 33,4 ; 24,5 ; 25,7 ; NOP
27/04/2021 ; 09:05:31 ; 114,0 ; 959,9 ; 28,2 ; 33,5 ; 24,5 ; 25,7 ; NOP
27/04/2021 ; 09:05:41 ; 115,3 ; 956,0 ; 27,9 ; 33,5 ; 24,5 ; 25,7 ; NOP
27/04/2021 ; 09:05:51 ; 118,2 ; 962,5 ; 28,4 ; 33,6 ; 24,5 ; 25,7 ; NOP
27/04/2021 ; 09:06:01 ; 116,4 ; 952,8 ; 29,2 ; 33,9 ; 24,5 ; 25,7 ; NOP
27/04/2021 ; 09:06:11 ; 114,3 ; 952,8 ; 29,8 ; 34,3 ; 24,5 ; 25,6 ; NOP
27/04/2021 ; 09:06:21 ; 118,3 ; 949,5 ; 30,2 ; 34,7 ; 24,5 ; 25,6 ; NOP
27/04/2021 ; 09:06:31 ; 118,1 ; 948,2 ; 30,4 ; 35,0 ; 24,5 ; 25,6 ; NOP
27/04/2021 ; 09:06:41 ; 118,2 ; 952,1 ; 30,4 ; 35,2 ; 24,5 ; 25,6 ; NOP
27/04/2021 ; 09:06:51 ; 117,9 ; 949,7 ; 30,5 ; 35,2 ; 24,5 ; 25,5 ; NOP
27/04/2021 ; 09:07:01 ; 118,0 ; 953,4 ; 30,7 ; 35,2 ; 24,5 ; 25,5 ; NOP
27/04/2021 ; 09:07:11 ; 118,1 ; 953,8 ; 30,7 ; 35,2 ; 24,5 ; 25,6 ; NOP
27/04/2021 ; 09:07:21 ; 118,0 ; 948,2 ; 30,7 ; 35,2 ; 24,5 ; 25,6 ; NOP
27/04/2021 ; 09:07:31 ; 117,9 ; 948,2 ; 30,9 ; 35,2 ; 24,5 ; 25,6 ; NOP
27/04/2021 ; 09:07:41 ; 118,0 ; 941,0 ; 30,7 ; 35,2 ; 24,5 ; 25,6 ; NOP
27/04/2021 ; 09:07:51 ; 118,0 ; 941,0 ; 30,8 ; 35,1 ; 24,5 ; 25,6 ; NOP
27/04/2021 ; 09:08:01 ; 118,1 ; 948,7 ; 30,9 ; 35,1 ; 24,5 ; 25,6 ; NOP
27/04/2021 ; 09:08:11 ; 118,0 ; 958,6 ; 31,1 ; 35,0 ; 24,5 ; 25,6 ; NOP
27/04/2021 ; 09:08:21 ; 118,0 ; 973,7 ; 31,1 ; 35,0 ; 24,5 ; 25,6 ; NOP
27/04/2021 ; 09:08:31 ; 117,8 ; 944,6 ; 31,2 ; 35,0 ; 24,4 ; 25,6 ; NOP
27/04/2021 ; 09:08:41 ; 118,0 ; 939,7 ; 31,3 ; 35,0 ; 24,4 ; 25,6 ; NOP
27/04/2021 ; 09:08:51 ; 117,8 ; 943,6 ; 31,3 ; 34,9 ; 24,4 ; 25,6 ; NOP
27/04/2021 ; 09:09:01 ; 118,0 ; 938,4 ; 31,2 ; 34,9 ; 24,4 ; 25,5 ; NOP
27/04/2021 ; 09:09:11 ; 117,8 ; 934,9 ; 31,0 ; 34,9 ; 24,4 ; 25,6 ; NOP
27/04/2021 ; 09:09:21 ; 118,0 ; 941,0 ; 30,8 ; 34,8 ; 24,4 ; 25,6 ; NOP
27/04/2021 ; 09:09:31 ; 118,1 ; 954,0 ; 30,7 ; 34,8 ; 24,4 ; 25,6 ; NOP
27/04/2021 ; 09:09:41 ; 118,5 ; 941,0 ; 30,7 ; 34,8 ; 24,4 ; 25,5 ; NOP
27/04/2021 ; 09:09:51 ; 118,6 ; 933,9 ; 31,0 ; 34,7 ; 24,4 ; 25,5 ; NOP
27/04/2021 ; 09:10:01 ; 118,6 ; 933,2 ; 31,0 ; 34,6 ; 24,4 ; 25,6 ; NOP
27/04/2021 ; 09:10:11 ; 118,8 ; 933,3 ; 30,9 ; 34,7 ; 24,4 ; 25,6 ; NOP
27/04/2021 ; 09:10:21 ; 118,6 ; 933,9 ; 30,9 ; 34,6 ; 24,4 ; 25,7 ; NOP
27/04/2021 ; 09:10:31 ; 118,6 ; 941,0 ; 31,0 ; 34,6 ; 24,4 ; 25,7 ; NOP
27/04/2021 ; 09:10:41 ; 117,5 ; 935,8 ; 30,7 ; 34,5 ; 24,5 ; 25,6 ; NOP
27/04/2021 ; 09:10:51 ; 117,7 ; 940,0 ; 30,9 ; 34,5 ; 24,5 ; 25,6 ; NOP
27/04/2021 ; 09:11:01 ; 117,8 ; 934,9 ; 30,8 ; 34,4 ; 24,5 ; 25,6 ; NOP
27/04/2021 ; 09:11:11 ; 117,8 ; 940,0 ; 30,7 ; 34,4 ; 24,5 ; 25,6 ; NOP
27/04/2021 ; 09:11:21 ; 117,6 ; 933,9 ; 30,8 ; 34,4 ; 24,5 ; 25,7 ; NOP
27/04/2021 ; 09:11:31 ; 117,5 ; 932,3 ; 30,7 ; 34,3 ; 24,6 ; 25,8 ; NOP
27/04/2021 ; 09:11:41 ; 117,5 ; 933,2 ; 30,5 ; 34,3 ; 24,6 ; 25,9 ; NOP
27/04/2021 ; 09:11:51 ; 117,4 ; 933,9 ; 30,6 ; 34,3 ; 24,6 ; 26,0 ; NOP
27/04/2021 ; 09:12:01 ; 117,2 ; 933,9 ; 30,9 ; 34,3 ; 24,6 ; 26,0 ; NOP
27/04/2021 ; 09:12:11 ; 118,1 ; 933,9 ; 31,1 ; 34,2 ; 24,6 ; 25,9 ; NOP
27/04/2021 ; 09:12:21 ; 117,6 ; 933,9 ; 31,3 ; 34,2 ; 24,6 ; 25,9 ; NOP
27/04/2021 ; 09:12:31 ; 118,0 ; 933,3 ; 31,0 ; 34,2 ; 24,6 ; 26,0 ; NOP
27/04/2021 ; 09:12:41 ; 117,8 ; 936,9 ; 30,5 ; 34,1 ; 24,6 ; 25,9 ; NOP
27/04/2021 ; 09:12:51 ; 117,8 ; 936,4 ; 30,5 ; 34,1 ; 24,6 ; 25,9 ; NOP
27/04/2021 ; 09:13:01 ; 117,8 ; 939,1 ; 30,9 ; 34,1 ; 24,6 ; 25,7 ; NOP
27/04/2021 ; 09:13:11 ; 117,8 ; 933,9 ; 31,1 ; 34,0 ; 24,6 ; 25,8 ; NOP
27/04/2021 ; 09:13:21 ; 117,8 ; 934,4 ; 31,3 ; 34,0 ; 24,6 ; 25,9 ; NOP
27/04/2021 ; 09:13:31 ; 117,7 ; 933,9 ; 31,5 ; 34,0 ; 24,6 ; 25,9 ; NOP
27/04/2021 ; 09:13:41 ; 117,5 ; 934,5 ; 31,4 ; 33,9 ; 24,7 ; 25,9 ; NOP
27/04/2021 ; 09:13:51 ; 117,5 ; 935,2 ; 31,3 ; 33,9 ; 24,7 ; 26,0 ; NOP
27/04/2021 ; 09:14:01 ; 117,5 ; 934,4 ; 31,3 ; 33,9 ; 24,7 ; 26,0 ; NOP
27/04/2021 ; 09:14:11 ; 117,5 ; 930,6 ; 31,3 ; 33,9 ; 24,7 ; 26,0 ; NOP
27/04/2021 ; 09:14:21 ; 117,8 ; 930,3 ; 31,3 ; 33,9 ; 24,8 ; 26,0 ; NOP
27/04/2021 ; 09:14:31 ; 117,8 ; 924,7 ; 31,5 ; 33,8 ; 24,8 ; 26,0 ; NOP
27/04/2021 ; 09:14:41 ; 117,7 ; 928,0 ; 31,6 ; 33,8 ; 24,8 ; 26,1 ; NOP
27/04/2021 ; 09:14:51 ; 117,8 ; 928,7 ; 31,5 ; 33,8 ; 24,8 ; 26,0 ; NOP
27/04/2021 ; 09:15:01 ; 117,8 ; 926,7 ; 31,5 ; 33,7 ; 24,8 ; 26,0 ; NOP
27/04/2021 ; 09:15:11 ; 117,7 ; 926,7 ; 31,7 ; 33,7 ; 24,8 ; 25,9 ; NOP
27/04/2021 ; 09:15:21 ; 117,9 ; 926,7 ; 31,5 ; 33,7 ; 24,8 ; 25,9 ; NOP
27/04/2021 ; 09:15:31 ; 117,8 ; 927,3 ; 31,4 ; 33,7 ; 24,8 ; 25,9 ; NOP
27/04/2021 ; 09:15:41 ; 117,8 ; 919,0 ; 31,5 ; 33,7 ; 24,8 ; 25,9 ; NOP
27/04/2021 ; 09:15:51 ; 118,0 ; 922,1 ; 31,5 ; 33,7 ; 24,8 ; 25,9 ; NOP
27/04/2021 ; 09:16:01 ; 118,0 ; 930,3 ; 31,5 ; 33,6 ; 24,8 ; 26,0 ; NOP
27/04/2021 ; 09:16:11 ; 118,1 ; 931,8 ; 31,5 ; 33,6 ; 24,8 ; 26,0 ; NOP
27/04/2021 ; 09:16:21 ; 118,1 ; 932,3 ; 31,6 ; 33,5 ; 24,8 ; 26,0 ; NOP
27/04/2021 ; 09:16:31 ; 118,0 ; 935,2 ; 31,7 ; 33,5 ; 24,8 ; 26,1 ; NOP
27/04/2021 ; 09:16:41 ; 114,1 ; 941,0 ; 31,9 ; 33,4 ; 24,8 ; 26,1 ; NOP
27/04/2021 ; 09:16:51 ; 114,1 ; 938,4 ; 31,9 ; 33,4 ; 24,9 ; 26,1 ; NOP
27/04/2021 ; 09:17:01 ; 114,1 ; 938,4 ; 31,9 ; 33,4 ; 24,9 ; 26,1 ; NOP
27/04/2021 ; 09:17:11 ; 114,1 ; 938,4 ; 31,9 ; 33,4 ; 24,9 ; 26,1 ; NOP
27/04/2021 ; 09:17:21 ; 114,1 ; 938,4 ; 31,9 ; 33,4 ; 24,9 ; 26,1 ; NOP
27/04/2021 ; 09:17:31 ; 118,1 ; 933,9 ; 31,9 ; 33,4 ; 24,9 ; 26,1 ; NOP
27/04/2021 ; 09:17:41 ; 118,1 ; 933,9 ; 31,7 ; 33,8 ; 24,8 ; 26,1 ; NOP
27/04/2021 ; 09:17:51 ; 118,1 ; 933,9 ; 31,7 ; 33,9 ; 24,8 ; 26,1 ; NOP
27/04/2021 ; 09:18:01 ; 118,1 ; 934,5 ; 31,7 ; 34,0 ; 24,9 ; 26,0 ; NOP
27/04/2021 ; 09:18:11 ; 118,1 ; 941,0 ; 31,7 ; 34,0 ; 24,9 ; 26,0 ; NOP
27/04/2021 ; 09:18:21 ; 118,5 ; 938,4 ; 31,7 ; 34,0 ; 24,9 ; 25,9 ; NOP
