17/04/2020 ; 11:04:26 ; 169,6 ; 677,2 ; -10,1 ; 41,6 ; 41,9 ; 39,1 ; 40,9 ; 39,7 ; NOP ; 
17/04/2020 ; 11:04:32 ; 165,8 ; 683,0 ; -10,3 ; 41,6 ; 41,8 ; 39,2 ; 40,8 ; 39,8 ; NOP ; 
17/04/2020 ; 11:04:38 ; 165,8 ; 680,8 ; -10,3 ; 41,5 ; 41,7 ; 39,2 ; 40,7 ; 39,7 ; NOP ; 
17/04/2020 ; 11:04:44 ; 166,1 ; 681,0 ; -10,1 ; 41,3 ; 41,7 ; 39,1 ; 40,6 ; 39,7 ; NOP ; 
17/04/2020 ; 11:04:50 ; 166,1 ; 685,1 ; -10,1 ; 41,2 ; 41,8 ; 39,0 ; 40,6 ; 39,6 ; NOP ; 
17/04/2020 ; 11:04:56 ; 165,8 ; 688,4 ; -10,1 ; 41,2 ; 41,5 ; 38,8 ; 40,4 ; 39,4 ; NOP ; 
17/04/2020 ; 11:05:02 ; 165,8 ; 870,1 ; -10,1 ; 41,1 ; 41,3 ; 38,7 ; 40,3 ; 39,2 ; NOP ; 
17/04/2020 ; 11:05:08 ; 165,8 ; 2000,0 ; -10,1 ; 41,1 ; 41,2 ; 38,7 ; 40,2 ; 39,2 ; NOP ; 
17/04/2020 ; 11:05:14 ; 166,1 ; 2000,0 ; -10,1 ; 41,1 ; 41,1 ; 38,8 ; 40,2 ; 39,2 ; NOP ; 
17/04/2020 ; 11:05:20 ; 165,8 ; 2000,0 ; -10,1 ; 41,0 ; 41,1 ; 38,8 ; 40,1 ; 39,2 ; NOP ; 
17/04/2020 ; 11:05:26 ; 165,8 ; 2000,0 ; -10,2 ; 41,0 ; 41,0 ; 38,8 ; 40,1 ; 39,2 ; NOP ; 
17/04/2020 ; 11:05:32 ; 165,8 ; 2000,0 ; -10,1 ; 40,9 ; 41,0 ; 38,7 ; 40,1 ; 39,2 ; NOP ; 
17/04/2020 ; 11:05:38 ; 165,8 ; 2000,0 ; -10,1 ; 40,9 ; 41,0 ; 38,7 ; 40,2 ; 39,1 ; NOP ; 
17/04/2020 ; 11:05:44 ; 165,8 ; 2000,0 ; -10,0 ; 40,8 ; 41,1 ; 38,6 ; 40,2 ; 39,1 ; NOP ; 
17/04/2020 ; 11:05:50 ; 166,1 ; 2000,0 ; -10,1 ; 40,8 ; 41,2 ; 38,5 ; 40,2 ; 39,1 ; NOP ; 
17/04/2020 ; 11:05:56 ; 166,1 ; 2000,0 ; -10,2 ; 40,8 ; 41,2 ; 38,5 ; 40,2 ; 39,1 ; NOP ; 
17/04/2020 ; 11:06:02 ; 166,1 ; 2000,0 ; -10,1 ; 40,8 ; 41,2 ; 38,5 ; 40,1 ; 39,1 ; NOP ; 
17/04/2020 ; 11:06:08 ; 165,8 ; 2000,0 ; -10,0 ; 40,8 ; 41,2 ; 38,5 ; 40,0 ; 39,1 ; NOP ; 
17/04/2020 ; 11:06:14 ; 165,8 ; 2000,0 ; -10,2 ; 40,7 ; 41,2 ; 38,4 ; 39,9 ; 39,0 ; NOP ; 
17/04/2020 ; 11:06:20 ; 165,8 ; 2000,0 ; -10,0 ; 40,7 ; 41,2 ; 38,4 ; 39,9 ; 39,0 ; NOP ; 
17/04/2020 ; 11:06:26 ; 165,8 ; 2000,0 ; -10,1 ; 40,6 ; 41,1 ; 38,3 ; 39,9 ; 38,9 ; NOP ; 
17/04/2020 ; 11:06:32 ; 165,8 ; 2000,0 ; -10,1 ; 40,5 ; 41,0 ; 38,2 ; 39,8 ; 38,8 ; NOP ; 
17/04/2020 ; 11:06:38 ; 166,1 ; 2000,0 ; -10,1 ; 40,9 ; 40,9 ; 38,3 ; 40,0 ; 38,8 ; NOP ; 
17/04/2020 ; 11:06:44 ; 165,8 ; 2000,0 ; -10,2 ; 41,0 ; 40,9 ; 38,4 ; 40,0 ; 38,9 ; NOP ; 
17/04/2020 ; 11:06:50 ; 166,1 ; 2000,0 ; -10,1 ; 41,1 ; 40,9 ; 38,7 ; 40,1 ; 39,1 ; NOP ; 
17/04/2020 ; 11:06:56 ; 166,1 ; 2000,0 ; -10,1 ; 41,3 ; 41,0 ; 38,8 ; 40,4 ; 39,2 ; NOP ; 
17/04/2020 ; 11:07:02 ; 165,8 ; 2000,0 ; -10,2 ; 41,6 ; 41,3 ; 39,0 ; 40,8 ; 39,2 ; NOP ; 
17/04/2020 ; 11:07:08 ; 166,1 ; 2000,0 ; -10,1 ; 41,9 ; 41,8 ; 39,3 ; 41,2 ; 39,5 ; NOP ; 
17/04/2020 ; 11:07:14 ; 165,8 ; 2000,0 ; -10,2 ; 41,9 ; 41,9 ; 39,3 ; 41,2 ; 39,7 ; NOP ; 
17/04/2020 ; 11:07:20 ; 166,1 ; 2000,0 ; -10,1 ; 42,1 ; 42,4 ; 39,6 ; 41,6 ; 39,9 ; NOP ; 
17/04/2020 ; 11:07:26 ; 165,8 ; 2000,0 ; -10,1 ; 42,1 ; 42,6 ; 39,8 ; 41,7 ; 40,0 ; NOP ; 
17/04/2020 ; 11:07:32 ; 165,8 ; 2000,0 ; -10,0 ; 42,3 ; 42,7 ; 39,8 ; 41,8 ; 40,1 ; NOP ; 
17/04/2020 ; 11:07:38 ; 169,3 ; 2000,0 ; -10,2 ; 42,5 ; 43,0 ; 39,9 ; 42,0 ; 40,1 ; NOP ; 
17/04/2020 ; 11:07:44 ; 166,1 ; 2000,0 ; -10,2 ; 42,6 ; 43,1 ; 40,0 ; 42,1 ; 40,2 ; NOP ; 
17/04/2020 ; 11:07:50 ; 165,8 ; 2000,0 ; -10,0 ; 42,8 ; 43,4 ; 40,2 ; 42,4 ; 40,4 ; NOP ; 
17/04/2020 ; 11:07:56 ; 165,8 ; 2000,0 ; -10,0 ; 43,0 ; 43,5 ; 40,3 ; 42,4 ; 40,7 ; NOP ; 
17/04/2020 ; 11:08:02 ; 165,8 ; 2000,0 ; -10,0 ; 43,0 ; 43,5 ; 40,3 ; 42,4 ; 40,7 ; NOP ; 
17/04/2020 ; 11:08:08 ; 165,8 ; 2000,0 ; -10,2 ; 42,9 ; 43,5 ; 40,3 ; 42,4 ; 40,7 ; NOP ; 
17/04/2020 ; 11:08:14 ; 169,6 ; 2000,0 ; -10,2 ; 42,8 ; 43,5 ; 40,3 ; 42,3 ; 40,7 ; NOP ; 
17/04/2020 ; 11:08:20 ; 165,8 ; 2000,0 ; -10,0 ; 42,8 ; 43,5 ; 40,3 ; 42,3 ; 40,7 ; NOP ; 
17/04/2020 ; 11:08:26 ; 165,8 ; 2000,0 ; -10,1 ; 42,8 ; 43,4 ; 40,3 ; 42,1 ; 40,8 ; NOP ; 
17/04/2020 ; 11:08:32 ; 165,8 ; 2000,0 ; -10,1 ; 42,8 ; 43,3 ; 40,2 ; 42,1 ; 40,8 ; NOP ; 
17/04/2020 ; 11:08:38 ; 165,8 ; 2000,0 ; -10,0 ; 42,7 ; 43,2 ; 40,1 ; 42,1 ; 40,7 ; NOP ; 
17/04/2020 ; 11:08:44 ; 165,8 ; 2000,0 ; -10,2 ; 42,6 ; 43,2 ; 40,1 ; 42,0 ; 40,7 ; NOP ; 
17/04/2020 ; 11:08:50 ; 166,1 ; 2000,0 ; -10,1 ; 42,5 ; 43,1 ; 40,0 ; 41,9 ; 40,6 ; NOP ; 
17/04/2020 ; 11:08:56 ; 165,8 ; 2000,0 ; -10,1 ; 42,6 ; 43,1 ; 40,0 ; 41,9 ; 40,6 ; NOP ; 
17/04/2020 ; 11:09:02 ; 165,8 ; 2000,0 ; -10,0 ; 42,5 ; 43,1 ; 40,0 ; 41,9 ; 40,6 ; NOP ; 
17/04/2020 ; 11:09:08 ; 165,8 ; 2000,0 ; -10,2 ; 42,3 ; 43,0 ; 39,9 ; 41,8 ; 40,6 ; NOP ; 
17/04/2020 ; 11:09:14 ; 165,8 ; 2000,0 ; -10,2 ; 42,2 ; 43,0 ; 39,8 ; 41,7 ; 40,5 ; NOP ; 
17/04/2020 ; 11:09:20 ; 165,8 ; 2000,0 ; -10,2 ; 42,1 ; 42,9 ; 39,7 ; 41,6 ; 40,4 ; NOP ; 
17/04/2020 ; 11:09:26 ; 165,8 ; 2000,0 ; -10,1 ; 41,9 ; 42,8 ; 39,6 ; 41,5 ; 40,3 ; NOP ; 
17/04/2020 ; 11:09:32 ; 165,8 ; 2000,0 ; -10,1 ; 42,0 ; 42,8 ; 39,6 ; 41,4 ; 40,3 ; NOP ; 
17/04/2020 ; 11:09:38 ; 165,8 ; 2000,0 ; -10,1 ; 41,9 ; 42,8 ; 39,5 ; 41,2 ; 40,2 ; NOP ; 
17/04/2020 ; 11:09:44 ; 165,8 ; 2000,0 ; -10,1 ; 41,9 ; 42,7 ; 39,4 ; 41,2 ; 40,2 ; NOP ; 
17/04/2020 ; 11:09:50 ; 165,8 ; 2000,0 ; -10,1 ; 41,8 ; 42,7 ; 39,4 ; 41,2 ; 40,1 ; NOP ; 
17/04/2020 ; 11:09:56 ; 165,8 ; 2000,0 ; -10,2 ; 41,7 ; 42,6 ; 39,3 ; 41,1 ; 40,1 ; NOP ; 
17/04/2020 ; 11:10:02 ; 165,8 ; 2000,0 ; -10,2 ; 41,7 ; 42,6 ; 39,3 ; 41,1 ; 40,0 ; NOP ; 
17/04/2020 ; 11:10:08 ; 165,8 ; 2000,0 ; -10,0 ; 41,5 ; 42,4 ; 39,2 ; 41,0 ; 39,9 ; NOP ; 
17/04/2020 ; 11:10:14 ; 166,1 ; 2000,0 ; -10,1 ; 41,5 ; 42,3 ; 39,1 ; 41,0 ; 39,8 ; NOP ; 
17/04/2020 ; 11:10:20 ; 165,8 ; 2000,0 ; -10,0 ; 41,6 ; 42,1 ; 39,2 ; 40,9 ; 39,8 ; NOP ; 
17/04/2020 ; 11:10:26 ; 165,8 ; 2000,0 ; -10,1 ; 41,5 ; 42,0 ; 39,2 ; 40,6 ; 39,8 ; NOP ; 
17/04/2020 ; 11:10:32 ; 166,1 ; 2000,0 ; -10,1 ; 41,5 ; 41,9 ; 39,2 ; 40,6 ; 39,8 ; NOP ; 
17/04/2020 ; 11:10:38 ; 165,8 ; 2000,0 ; -10,1 ; 41,5 ; 41,8 ; 39,1 ; 40,6 ; 39,8 ; NOP ; 
17/04/2020 ; 11:10:44 ; 165,8 ; 2000,0 ; -10,0 ; 41,5 ; 41,8 ; 39,1 ; 40,6 ; 39,8 ; NOP ; 
17/04/2020 ; 11:10:50 ; 165,8 ; 2000,0 ; -10,3 ; 41,5 ; 41,7 ; 39,1 ; 40,7 ; 39,7 ; NOP ; 
17/04/2020 ; 11:10:56 ; 165,8 ; 2000,0 ; -10,1 ; 41,5 ; 41,6 ; 39,1 ; 40,7 ; 39,7 ; NOP ; 
17/04/2020 ; 11:11:02 ; 165,8 ; 2000,0 ; -10,0 ; 41,5 ; 41,5 ; 39,1 ; 40,6 ; 39,6 ; NOP ; 
17/04/2020 ; 11:11:08 ; 166,1 ; 2000,0 ; -10,1 ; 41,5 ; 41,5 ; 39,1 ; 40,4 ; 39,6 ; NOP ; 
17/04/2020 ; 11:11:14 ; 165,8 ; 2000,0 ; -10,1 ; 41,4 ; 41,6 ; 39,1 ; 40,6 ; 39,7 ; NOP ; 
17/04/2020 ; 11:11:20 ; 165,8 ; 2000,0 ; -10,2 ; 41,3 ; 41,6 ; 39,1 ; 40,6 ; 39,6 ; NOP ; 
17/04/2020 ; 11:11:26 ; 165,8 ; 2000,0 ; -10,2 ; 41,3 ; 41,6 ; 39,1 ; 40,5 ; 39,6 ; NOP ; 
17/04/2020 ; 11:11:32 ; 165,8 ; 2000,0 ; -10,1 ; 41,2 ; 41,6 ; 39,0 ; 40,3 ; 39,6 ; NOP ; 
17/04/2020 ; 11:11:38 ; 165,8 ; 2000,0 ; -10,2 ; 41,2 ; 41,5 ; 39,0 ; 40,3 ; 39,6 ; NOP ; 
17/04/2020 ; 11:11:44 ; 166,1 ; 2000,0 ; -10,1 ; 41,1 ; 41,5 ; 38,9 ; 40,2 ; 39,6 ; NOP ; 
17/04/2020 ; 11:11:50 ; 165,8 ; 2000,0 ; -10,1 ; 41,0 ; 41,5 ; 38,9 ; 40,2 ; 39,5 ; NOP ; 
17/04/2020 ; 11:11:56 ; 165,8 ; 2000,0 ; -10,2 ; 41,0 ; 41,5 ; 38,8 ; 40,2 ; 39,5 ; NOP ; 
17/04/2020 ; 11:12:02 ; 165,8 ; 2000,0 ; -10,2 ; 40,9 ; 41,4 ; 38,7 ; 40,2 ; 39,4 ; NOP ; 
17/04/2020 ; 11:12:08 ; 166,1 ; 2000,0 ; -10,0 ; 40,9 ; 41,4 ; 38,7 ; 40,2 ; 39,3 ; NOP ; 
17/04/2020 ; 11:12:14 ; 166,1 ; 2000,0 ; -10,1 ; 40,9 ; 41,3 ; 38,6 ; 40,2 ; 39,2 ; NOP ; 
17/04/2020 ; 11:12:20 ; 165,8 ; 2000,0 ; -10,0 ; 40,9 ; 41,3 ; 38,5 ; 40,1 ; 39,2 ; NOP ; 
17/04/2020 ; 11:12:26 ; 165,8 ; 2000,0 ; -10,1 ; 40,8 ; 41,3 ; 38,5 ; 40,1 ; 39,1 ; NOP ; 
17/04/2020 ; 11:12:32 ; 166,1 ; 2000,0 ; -10,2 ; 40,8 ; 41,2 ; 38,4 ; 40,0 ; 39,1 ; NOP ; 
17/04/2020 ; 11:12:38 ; 165,8 ; 2000,0 ; -10,1 ; 40,8 ; 41,2 ; 38,5 ; 40,0 ; 39,1 ; NOP ; 
17/04/2020 ; 11:12:44 ; 165,8 ; 2000,0 ; -10,0 ; 40,8 ; 41,2 ; 38,6 ; 40,0 ; 39,1 ; NOP ; 
17/04/2020 ; 11:12:50 ; 165,8 ; 2000,0 ; -10,1 ; 40,7 ; 41,1 ; 38,6 ; 40,0 ; 39,1 ; NOP ; 
17/04/2020 ; 11:12:56 ; 166,1 ; 2000,0 ; -10,1 ; 40,6 ; 41,2 ; 38,5 ; 39,9 ; 39,1 ; NOP ; 
17/04/2020 ; 11:13:02 ; 169,6 ; 2000,0 ; -10,1 ; 40,6 ; 41,2 ; 38,4 ; 39,9 ; 39,0 ; NOP ; 
17/04/2020 ; 11:13:08 ; 165,8 ; 2000,0 ; -10,0 ; 40,6 ; 41,2 ; 38,3 ; 39,8 ; 38,9 ; NOP ; 
17/04/2020 ; 11:13:14 ; 166,1 ; 2000,0 ; -10,1 ; 40,5 ; 41,3 ; 38,3 ; 39,8 ; 38,9 ; NOP ; 
17/04/2020 ; 11:13:20 ; 165,8 ; 2000,0 ; -10,1 ; 40,8 ; 41,2 ; 38,3 ; 40,0 ; 39,0 ; NOP ; 
17/04/2020 ; 11:13:26 ; 165,8 ; 2000,0 ; -10,0 ; 40,9 ; 41,2 ; 38,4 ; 40,0 ; 39,0 ; NOP ; 
17/04/2020 ; 11:13:32 ; 165,8 ; 2000,0 ; -10,1 ; 41,2 ; 41,2 ; 38,7 ; 40,4 ; 39,2 ; NOP ; 
17/04/2020 ; 11:13:38 ; 166,1 ; 2000,0 ; -10,2 ; 41,3 ; 41,3 ; 38,8 ; 40,6 ; 39,2 ; NOP ; 
17/04/2020 ; 11:13:44 ; 165,8 ; 2000,0 ; -10,2 ; 41,3 ; 41,5 ; 38,9 ; 40,6 ; 39,4 ; NOP ; 
17/04/2020 ; 11:13:50 ; 165,8 ; 2000,0 ; -10,1 ; 41,7 ; 42,1 ; 39,3 ; 41,2 ; 39,7 ; NOP ; 
17/04/2020 ; 11:13:56 ; 165,8 ; 2000,0 ; -10,1 ; 41,8 ; 42,3 ; 39,4 ; 41,3 ; 39,8 ; NOP ; 
17/04/2020 ; 11:14:02 ; 165,8 ; 2000,0 ; -10,2 ; 42,0 ; 42,7 ; 39,6 ; 41,7 ; 40,0 ; NOP ; 
17/04/2020 ; 11:14:08 ; 165,8 ; 2000,0 ; -10,2 ; 42,2 ; 43,0 ; 39,8 ; 41,9 ; 40,1 ; NOP ; 
17/04/2020 ; 11:14:14 ; 165,8 ; 2000,0 ; -10,2 ; 42,4 ; 43,1 ; 39,9 ; 42,1 ; 40,1 ; NOP ; 
17/04/2020 ; 11:14:20 ; 165,8 ; 2000,0 ; -10,2 ; 42,7 ; 43,3 ; 40,1 ; 42,3 ; 40,3 ; NOP ; 
17/04/2020 ; 11:14:26 ; 165,8 ; 2000,0 ; -10,0 ; 42,7 ; 43,3 ; 40,2 ; 42,4 ; 40,4 ; NOP ; 
17/04/2020 ; 11:14:32 ; 166,1 ; 2000,0 ; -10,1 ; 42,8 ; 43,4 ; 40,3 ; 42,4 ; 40,6 ; NOP ; 
17/04/2020 ; 11:14:38 ; 166,1 ; 2000,0 ; -10,0 ; 42,7 ; 43,5 ; 40,3 ; 42,3 ; 40,6 ; NOP ; 
17/04/2020 ; 11:14:44 ; 165,8 ; 2000,0 ; -10,2 ; 42,6 ; 43,5 ; 40,3 ; 42,2 ; 40,6 ; NOP ; 
17/04/2020 ; 11:14:50 ; 165,8 ; 2000,0 ; -10,2 ; 42,6 ; 43,5 ; 40,2 ; 42,2 ; 40,6 ; NOP ; 
17/04/2020 ; 11:14:56 ; 166,1 ; 2000,0 ; -10,0 ; 42,6 ; 43,4 ; 40,1 ; 42,2 ; 40,6 ; NOP ; 
17/04/2020 ; 11:15:02 ; 165,8 ; 2000,0 ; -10,1 ; 42,6 ; 43,3 ; 40,1 ; 42,1 ; 40,6 ; NOP ; 
17/04/2020 ; 11:15:08 ; 165,8 ; 2000,0 ; -10,2 ; 42,6 ; 43,3 ; 40,1 ; 42,1 ; 40,6 ; NOP ; 
17/04/2020 ; 11:15:14 ; 165,8 ; 2000,0 ; -10,3 ; 42,5 ; 43,2 ; 40,0 ; 42,0 ; 40,6 ; NOP ; 
17/04/2020 ; 11:15:20 ; 165,8 ; 2000,0 ; -10,3 ; 42,3 ; 43,1 ; 40,0 ; 41,9 ; 40,6 ; NOP ; 
17/04/2020 ; 11:15:26 ; 165,8 ; 2000,0 ; -10,1 ; 42,2 ; 43,1 ; 39,9 ; 41,8 ; 40,4 ; NOP ; 
17/04/2020 ; 11:15:32 ; 165,8 ; 2000,0 ; -10,2 ; 42,1 ; 43,1 ; 39,8 ; 41,6 ; 40,3 ; NOP ; 
17/04/2020 ; 11:15:38 ; 165,8 ; 2000,0 ; -10,1 ; 42,1 ; 43,0 ; 39,8 ; 41,6 ; 40,3 ; NOP ; 
17/04/2020 ; 11:15:44 ; 165,8 ; 2000,0 ; -10,1 ; 42,0 ; 42,8 ; 39,7 ; 41,5 ; 40,3 ; NOP ; 
17/04/2020 ; 11:15:50 ; 165,8 ; 2000,0 ; -10,1 ; 42,0 ; 42,7 ; 39,6 ; 41,4 ; 40,1 ; NOP ; 
17/04/2020 ; 11:15:56 ; 166,1 ; 2000,0 ; -10,0 ; 41,9 ; 42,6 ; 39,6 ; 41,3 ; 40,0 ; NOP ; 
17/04/2020 ; 11:16:02 ; 165,8 ; 2000,0 ; -10,2 ; 41,9 ; 42,6 ; 39,6 ; 41,3 ; 40,0 ; NOP ; 
17/04/2020 ; 11:16:08 ; 165,8 ; 2000,0 ; -10,1 ; 41,9 ; 42,6 ; 39,5 ; 41,2 ; 40,0 ; NOP ; 
17/04/2020 ; 11:16:14 ; 165,8 ; 2000,0 ; -10,1 ; 41,8 ; 42,4 ; 39,3 ; 41,1 ; 39,9 ; NOP ; 
17/04/2020 ; 11:16:20 ; 165,8 ; 2000,0 ; -10,0 ; 41,8 ; 42,1 ; 39,3 ; 41,1 ; 39,8 ; NOP ; 
17/04/2020 ; 11:16:26 ; 169,3 ; 2000,0 ; -10,0 ; 41,7 ; 42,1 ; 39,3 ; 41,1 ; 39,7 ; NOP ; 
17/04/2020 ; 11:16:32 ; 165,8 ; 2000,0 ; -10,2 ; 41,7 ; 42,1 ; 39,2 ; 41,0 ; 39,7 ; NOP ; 
17/04/2020 ; 11:16:38 ; 166,1 ; 2000,0 ; -10,1 ; 41,6 ; 42,1 ; 39,1 ; 40,9 ; 39,7 ; NOP ; 
17/04/2020 ; 11:16:44 ; 165,8 ; 2000,0 ; -10,1 ; 41,2 ; 42,0 ; 39,0 ; 40,7 ; 39,6 ; NOP ; 
17/04/2020 ; 11:16:50 ; 165,8 ; 2000,0 ; -10,1 ; 41,2 ; 41,9 ; 39,0 ; 40,6 ; 39,5 ; NOP ; 
17/04/2020 ; 11:16:56 ; 166,1 ; 2000,0 ; -10,1 ; 41,2 ; 41,9 ; 38,9 ; 40,6 ; 39,4 ; NOP ; 
17/04/2020 ; 11:17:02 ; 165,8 ; 2000,0 ; -10,2 ; 41,2 ; 41,7 ; 38,8 ; 40,6 ; 39,3 ; NOP ; 
17/04/2020 ; 11:30:02 ; 165,8 ; 2000,0 ; -10,1 ; 41,6 ; 41,9 ; 39,1 ; 40,9 ; 39,7 ; NOP ; 
17/04/2020 ; 11:30:08 ; 165,8 ; 2000,0 ; -10,1 ; 41,5 ; 42,0 ; 39,0 ; 40,9 ; 39,6 ; NOP ; 
17/04/2020 ; 11:30:14 ; 165,8 ; 2000,0 ; -10,1 ; 41,4 ; 42,1 ; 39,0 ; 40,8 ; 39,6 ; NOP ; 
17/04/2020 ; 11:30:20 ; 169,6 ; 2000,0 ; -10,1 ; 41,4 ; 42,1 ; 39,0 ; 40,7 ; 39,6 ; NOP ; 
17/04/2020 ; 11:30:26 ; 165,8 ; 2000,0 ; -10,1 ; 41,5 ; 42,0 ; 39,1 ; 40,7 ; 39,6 ; NOP ; 
17/04/2020 ; 11:30:32 ; 165,8 ; 2000,0 ; -10,1 ; 41,4 ; 41,8 ; 39,1 ; 40,5 ; 39,6 ; NOP ; 
17/04/2020 ; 11:30:38 ; 165,8 ; 2000,0 ; -10,2 ; 41,4 ; 41,7 ; 39,1 ; 40,5 ; 39,6 ; NOP ; 
17/04/2020 ; 11:30:44 ; 165,8 ; 2000,0 ; -10,1 ; 41,3 ; 41,5 ; 39,1 ; 40,6 ; 39,5 ; NOP ; 
17/04/2020 ; 11:30:50 ; 166,1 ; 2000,0 ; -10,0 ; 41,3 ; 41,5 ; 39,0 ; 40,6 ; 39,4 ; NOP ; 
17/04/2020 ; 11:30:56 ; 165,8 ; 2000,0 ; -10,1 ; 41,3 ; 41,3 ; 39,0 ; 40,5 ; 39,4 ; NOP ; 
17/04/2020 ; 11:31:02 ; 165,8 ; 2000,0 ; -10,2 ; 41,2 ; 41,3 ; 38,9 ; 40,4 ; 39,3 ; NOP ; 
17/04/2020 ; 11:31:08 ; 165,8 ; 2000,0 ; -10,1 ; 41,1 ; 41,2 ; 38,8 ; 40,4 ; 39,3 ; NOP ; 
17/04/2020 ; 11:31:14 ; 165,8 ; 2000,0 ; -10,1 ; 41,0 ; 41,3 ; 38,8 ; 40,4 ; 39,2 ; NOP ; 
17/04/2020 ; 11:31:20 ; 166,1 ; 2000,0 ; -10,3 ; 41,0 ; 41,5 ; 38,7 ; 40,4 ; 39,2 ; NOP ; 
17/04/2020 ; 11:31:26 ; 165,8 ; 2000,0 ; -10,1 ; 41,0 ; 41,4 ; 38,7 ; 40,2 ; 39,3 ; NOP ; 
17/04/2020 ; 11:31:32 ; 165,8 ; 2000,0 ; -10,1 ; 40,9 ; 41,3 ; 38,7 ; 40,1 ; 39,3 ; NOP ; 
17/04/2020 ; 11:31:38 ; 165,8 ; 2000,0 ; -10,1 ; 40,9 ; 41,2 ; 38,7 ; 40,1 ; 39,2 ; NOP ; 
17/04/2020 ; 11:31:44 ; 165,8 ; 2000,0 ; -10,1 ; 40,9 ; 41,0 ; 38,7 ; 40,1 ; 39,2 ; NOP ; 
17/04/2020 ; 11:31:50 ; 166,1 ; 2000,0 ; -10,2 ; 40,8 ; 40,9 ; 38,7 ; 40,1 ; 39,1 ; NOP ; 
17/04/2020 ; 11:31:56 ; 166,1 ; 2000,0 ; -10,1 ; 40,8 ; 40,9 ; 38,7 ; 40,1 ; 39,1 ; NOP ; 
17/04/2020 ; 11:32:02 ; 165,8 ; 2000,0 ; -10,0 ; 40,8 ; 40,9 ; 38,7 ; 40,1 ; 39,1 ; NOP ; 
17/04/2020 ; 11:32:08 ; 165,8 ; 2000,0 ; -10,2 ; 40,8 ; 40,9 ; 38,7 ; 40,1 ; 39,1 ; NOP ; 
17/04/2020 ; 11:32:14 ; 165,8 ; 2000,0 ; -10,1 ; 40,8 ; 41,0 ; 38,7 ; 40,1 ; 39,1 ; NOP ; 
17/04/2020 ; 11:32:20 ; 165,8 ; 2000,0 ; -10,1 ; 40,8 ; 41,0 ; 38,7 ; 40,1 ; 39,1 ; NOP ; 
17/04/2020 ; 11:32:26 ; 165,8 ; 2000,0 ; -10,1 ; 40,7 ; 41,0 ; 38,6 ; 40,1 ; 39,1 ; NOP ; 
17/04/2020 ; 11:32:32 ; 165,8 ; 2000,0 ; -10,1 ; 40,6 ; 41,0 ; 38,5 ; 40,0 ; 39,0 ; NOP ; 
17/04/2020 ; 11:32:38 ; 165,8 ; 2000,0 ; -10,2 ; 40,6 ; 41,0 ; 38,5 ; 40,0 ; 39,0 ; NOP ; 
17/04/2020 ; 11:32:44 ; 169,6 ; 2000,0 ; -10,1 ; 40,6 ; 41,0 ; 38,5 ; 40,0 ; 38,9 ; NOP ; 
17/04/2020 ; 11:32:50 ; 165,8 ; 2000,0 ; -10,1 ; 40,6 ; 40,9 ; 38,4 ; 40,0 ; 38,8 ; NOP ; 
17/04/2020 ; 11:32:56 ; 165,8 ; 2000,0 ; -10,1 ; 40,6 ; 40,9 ; 38,4 ; 40,0 ; 38,8 ; NOP ; 
17/04/2020 ; 11:33:02 ; 165,8 ; 2000,0 ; -10,2 ; 41,0 ; 41,0 ; 38,6 ; 40,3 ; 38,9 ; NOP ; 
17/04/2020 ; 11:33:08 ; 165,8 ; 2000,0 ; -10,2 ; 41,2 ; 41,0 ; 38,8 ; 40,6 ; 39,0 ; NOP ; 
17/04/2020 ; 11:33:14 ; 165,8 ; 2000,0 ; -10,2 ; 41,6 ; 41,2 ; 38,9 ; 40,8 ; 39,2 ; NOP ; 
17/04/2020 ; 11:33:20 ; 165,8 ; 2000,0 ; -10,1 ; 41,7 ; 41,8 ; 39,2 ; 41,1 ; 39,6 ; NOP ; 
17/04/2020 ; 11:33:26 ; 165,8 ; 2000,0 ; -10,0 ; 41,8 ; 42,0 ; 39,3 ; 41,2 ; 39,7 ; NOP ; 
17/04/2020 ; 11:33:32 ; 166,1 ; 2000,0 ; -10,1 ; 42,1 ; 42,4 ; 39,6 ; 41,6 ; 39,8 ; NOP ; 
17/04/2020 ; 11:33:38 ; 165,8 ; 2000,0 ; -10,3 ; 42,1 ; 42,6 ; 39,7 ; 41,7 ; 39,9 ; NOP ; 
17/04/2020 ; 11:33:44 ; 165,8 ; 2000,0 ; -10,1 ; 42,4 ; 43,0 ; 39,9 ; 42,0 ; 40,0 ; NOP ; 
17/04/2020 ; 11:33:50 ; 165,8 ; 2000,0 ; -10,2 ; 42,6 ; 43,3 ; 40,1 ; 42,1 ; 40,3 ; NOP ; 
17/04/2020 ; 11:33:56 ; 166,1 ; 2000,0 ; -10,2 ; 42,7 ; 43,3 ; 40,2 ; 42,1 ; 40,3 ; NOP ; 
17/04/2020 ; 11:34:02 ; 165,8 ; 2000,0 ; -10,1 ; 42,8 ; 43,5 ; 40,4 ; 42,4 ; 40,6 ; NOP ; 
17/04/2020 ; 11:34:08 ; 165,8 ; 2000,0 ; -10,2 ; 43,1 ; 43,7 ; 40,6 ; 42,6 ; 40,7 ; NOP ; 
17/04/2020 ; 11:34:14 ; 165,8 ; 2000,0 ; -10,0 ; 43,2 ; 43,8 ; 40,8 ; 42,8 ; 40,9 ; NOP ; 
17/04/2020 ; 11:34:20 ; 165,8 ; 2000,0 ; -10,0 ; 43,1 ; 44,0 ; 40,8 ; 42,7 ; 40,9 ; NOP ; 
17/04/2020 ; 11:34:26 ; 165,8 ; 2000,0 ; -10,0 ; 43,1 ; 43,9 ; 40,8 ; 42,7 ; 40,9 ; NOP ; 
17/04/2020 ; 11:34:32 ; 166,1 ; 2000,0 ; -10,0 ; 43,0 ; 43,8 ; 40,7 ; 42,6 ; 40,9 ; NOP ; 
17/04/2020 ; 11:34:38 ; 165,8 ; 2000,0 ; -10,1 ; 43,1 ; 43,7 ; 40,6 ; 42,6 ; 40,9 ; NOP ; 
17/04/2020 ; 11:34:44 ; 165,8 ; 2000,0 ; -10,1 ; 43,1 ; 43,7 ; 40,6 ; 42,6 ; 40,9 ; NOP ; 
17/04/2020 ; 11:34:50 ; 165,8 ; 2000,0 ; -10,4 ; 43,0 ; 43,5 ; 40,5 ; 42,5 ; 40,8 ; NOP ; 
17/04/2020 ; 11:34:56 ; 165,8 ; 2000,0 ; -10,1 ; 42,9 ; 43,5 ; 40,5 ; 42,5 ; 40,8 ; NOP ; 
17/04/2020 ; 11:35:02 ; 166,1 ; 2000,0 ; -10,1 ; 42,8 ; 43,4 ; 40,4 ; 42,4 ; 40,8 ; NOP ; 
17/04/2020 ; 11:35:08 ; 165,8 ; 2000,0 ; -10,2 ; 42,6 ; 43,2 ; 40,3 ; 42,2 ; 40,7 ; NOP ; 
17/04/2020 ; 11:35:14 ; 165,8 ; 2000,0 ; -10,2 ; 42,6 ; 43,2 ; 40,1 ; 42,1 ; 40,6 ; NOP ; 
17/04/2020 ; 11:35:20 ; 165,8 ; 2000,0 ; -10,2 ; 42,5 ; 43,2 ; 40,1 ; 42,0 ; 40,6 ; NOP ; 
17/04/2020 ; 11:35:26 ; 165,8 ; 2000,0 ; -10,1 ; 42,5 ; 43,2 ; 40,1 ; 41,9 ; 40,6 ; NOP ; 
17/04/2020 ; 11:35:32 ; 165,8 ; 2000,0 ; -10,0 ; 42,2 ; 43,1 ; 40,0 ; 41,7 ; 40,4 ; NOP ; 
17/04/2020 ; 11:35:38 ; 165,8 ; 2000,0 ; -10,0 ; 42,1 ; 43,0 ; 39,9 ; 41,6 ; 40,4 ; NOP ; 
17/04/2020 ; 11:35:44 ; 166,1 ; 2000,0 ; -10,2 ; 42,2 ; 42,9 ; 39,8 ; 41,6 ; 40,3 ; NOP ; 
17/04/2020 ; 11:35:50 ; 165,8 ; 2000,0 ; -10,2 ; 42,2 ; 42,7 ; 39,8 ; 41,6 ; 40,3 ; NOP ; 
17/04/2020 ; 11:35:56 ; 165,8 ; 2000,0 ; -10,1 ; 42,1 ; 42,7 ; 39,7 ; 41,5 ; 40,2 ; NOP ; 
17/04/2020 ; 11:36:02 ; 166,1 ; 2000,0 ; -10,3 ; 42,0 ; 42,7 ; 39,7 ; 41,3 ; 40,1 ; NOP ; 
17/04/2020 ; 11:36:08 ; 166,1 ; 2000,0 ; -10,0 ; 41,9 ; 42,7 ; 39,6 ; 41,3 ; 40,1 ; NOP ; 
17/04/2020 ; 11:36:14 ; 165,8 ; 2000,0 ; -10,1 ; 41,9 ; 42,6 ; 39,7 ; 41,2 ; 40,1 ; NOP ; 
17/04/2020 ; 11:36:20 ; 165,8 ; 2000,0 ; -10,1 ; 41,9 ; 42,5 ; 39,7 ; 41,2 ; 40,0 ; NOP ; 
17/04/2020 ; 11:36:26 ; 165,8 ; 2000,0 ; -10,1 ; 41,9 ; 42,3 ; 39,5 ; 41,3 ; 40,0 ; NOP ; 
17/04/2020 ; 11:36:32 ; 166,1 ; 2000,0 ; -10,1 ; 41,8 ; 42,3 ; 39,5 ; 41,2 ; 39,9 ; NOP ; 
17/04/2020 ; 11:36:38 ; 165,8 ; 2000,0 ; -10,1 ; 41,8 ; 42,3 ; 39,4 ; 41,1 ; 39,9 ; NOP ; 
17/04/2020 ; 11:36:44 ; 165,8 ; 2000,0 ; -10,1 ; 41,7 ; 42,4 ; 39,4 ; 41,1 ; 39,9 ; NOP ; 
17/04/2020 ; 11:36:50 ; 166,1 ; 2000,0 ; -10,1 ; 41,7 ; 42,4 ; 39,4 ; 41,0 ; 39,9 ; NOP ; 
17/04/2020 ; 11:36:56 ; 166,1 ; 2000,0 ; -10,2 ; 41,6 ; 42,4 ; 39,4 ; 40,9 ; 39,8 ; NOP ; 
17/04/2020 ; 11:37:02 ; 165,8 ; 2000,0 ; -10,1 ; 41,6 ; 42,2 ; 39,3 ; 40,9 ; 39,8 ; NOP ; 
17/04/2020 ; 11:37:08 ; 166,1 ; 2000,0 ; -10,0 ; 41,5 ; 42,1 ; 39,2 ; 40,9 ; 39,7 ; NOP ; 
17/04/2020 ; 11:37:14 ; 165,8 ; 2000,0 ; -10,1 ; 41,5 ; 42,1 ; 39,2 ; 40,8 ; 39,7 ; NOP ; 
17/04/2020 ; 11:37:20 ; 165,8 ; 2000,0 ; -10,1 ; 41,4 ; 42,3 ; 39,1 ; 40,7 ; 39,7 ; NOP ; 
17/04/2020 ; 11:37:26 ; 165,8 ; 2000,0 ; -10,1 ; 41,4 ; 42,3 ; 39,1 ; 40,7 ; 39,7 ; NOP ; 
17/04/2020 ; 11:37:32 ; 166,1 ; 2000,0 ; -10,1 ; 41,3 ; 42,1 ; 39,1 ; 40,7 ; 39,7 ; NOP ; 
17/04/2020 ; 11:37:38 ; 165,8 ; 2000,0 ; -10,1 ; 41,2 ; 42,0 ; 39,1 ; 40,7 ; 39,6 ; NOP ; 
17/04/2020 ; 11:37:44 ; 165,8 ; 2000,0 ; -10,2 ; 41,2 ; 41,8 ; 39,0 ; 40,6 ; 39,6 ; NOP ; 
17/04/2020 ; 11:37:50 ; 165,8 ; 2000,0 ; -10,1 ; 41,2 ; 41,8 ; 38,9 ; 40,6 ; 39,6 ; NOP ; 
17/04/2020 ; 11:37:56 ; 165,8 ; 2000,0 ; -10,0 ; 41,2 ; 41,7 ; 38,9 ; 40,6 ; 39,5 ; NOP ; 
17/04/2020 ; 11:38:02 ; 165,8 ; 2000,0 ; -10,3 ; 41,2 ; 41,8 ; 38,9 ; 40,5 ; 39,4 ; NOP ; 
17/04/2020 ; 11:38:08 ; 165,8 ; 2000,0 ; -10,2 ; 41,2 ; 41,8 ; 38,9 ; 40,4 ; 39,3 ; NOP ; 
17/04/2020 ; 11:38:14 ; 165,8 ; 2000,0 ; -10,2 ; 41,1 ; 41,6 ; 39,0 ; 40,3 ; 39,3 ; NOP ; 
17/04/2020 ; 11:38:20 ; 166,1 ; 2000,0 ; -10,1 ; 41,1 ; 41,5 ; 39,0 ; 40,3 ; 39,3 ; NOP ; 
17/04/2020 ; 11:38:26 ; 165,8 ; 2000,0 ; -10,2 ; 41,0 ; 41,5 ; 38,9 ; 40,3 ; 39,2 ; NOP ; 
17/04/2020 ; 11:38:32 ; 166,1 ; 2000,0 ; -10,1 ; 41,0 ; 41,5 ; 38,8 ; 40,3 ; 39,1 ; NOP ; 
17/04/2020 ; 11:38:38 ; 165,8 ; 2000,0 ; -10,2 ; 40,9 ; 41,6 ; 38,8 ; 40,3 ; 39,1 ; NOP ; 
17/04/2020 ; 11:38:44 ; 165,8 ; 2000,0 ; -10,1 ; 40,9 ; 41,7 ; 38,8 ; 40,2 ; 39,1 ; NOP ; 
17/04/2020 ; 11:38:50 ; 166,1 ; 2000,0 ; -10,1 ; 40,9 ; 41,7 ; 38,8 ; 40,2 ; 39,1 ; NOP ; 
17/04/2020 ; 11:38:56 ; 165,8 ; 2000,0 ; -10,2 ; 40,9 ; 41,7 ; 38,7 ; 40,2 ; 39,1 ; NOP ; 
17/04/2020 ; 11:39:02 ; 165,8 ; 2000,0 ; -10,1 ; 40,9 ; 41,6 ; 38,7 ; 40,3 ; 39,1 ; NOP ; 
17/04/2020 ; 11:39:08 ; 166,1 ; 2000,0 ; -10,1 ; 40,9 ; 41,3 ; 38,6 ; 40,3 ; 39,1 ; NOP ; 
17/04/2020 ; 11:39:14 ; 165,8 ; 2000,0 ; -10,1 ; 40,9 ; 41,3 ; 38,6 ; 40,3 ; 39,1 ; NOP ; 
17/04/2020 ; 11:39:20 ; 166,1 ; 2000,0 ; -10,2 ; 40,9 ; 41,3 ; 38,6 ; 40,3 ; 39,0 ; NOP ; 
17/04/2020 ; 11:39:26 ; 165,8 ; 2000,0 ; -10,0 ; 40,9 ; 41,2 ; 38,7 ; 40,1 ; 38,9 ; NOP ; 
17/04/2020 ; 11:39:32 ; 165,8 ; 2000,0 ; -10,0 ; 40,9 ; 41,1 ; 38,7 ; 40,1 ; 38,9 ; NOP ; 
17/04/2020 ; 11:39:38 ; 165,8 ; 2000,0 ; -10,2 ; 40,8 ; 41,1 ; 38,7 ; 40,0 ; 38,9 ; NOP ; 
17/04/2020 ; 11:39:44 ; 166,1 ; 2000,0 ; -10,2 ; 40,7 ; 41,1 ; 38,6 ; 40,0 ; 38,8 ; NOP ; 
17/04/2020 ; 11:39:50 ; 165,8 ; 2000,0 ; -10,3 ; 40,9 ; 41,1 ; 38,6 ; 40,3 ; 38,9 ; NOP ; 
17/04/2020 ; 11:39:56 ; 165,8 ; 2000,0 ; -10,0 ; 41,2 ; 41,2 ; 38,9 ; 40,7 ; 39,1 ; NOP ; 
17/04/2020 ; 11:40:02 ; 165,8 ; 2000,0 ; -10,0 ; 41,6 ; 41,6 ; 39,1 ; 41,0 ; 39,3 ; NOP ; 
17/04/2020 ; 11:40:08 ; 165,8 ; 2000,0 ; -10,1 ; 41,7 ; 41,8 ; 39,3 ; 41,1 ; 39,4 ; NOP ; 
17/04/2020 ; 11:40:14 ; 165,8 ; 2000,0 ; -10,1 ; 41,9 ; 42,1 ; 39,5 ; 41,3 ; 39,6 ; NOP ; 
17/04/2020 ; 11:40:20 ; 165,8 ; 2000,0 ; -10,2 ; 42,1 ; 42,8 ; 39,9 ; 41,7 ; 39,9 ; NOP ; 
17/04/2020 ; 11:40:26 ; 166,1 ; 2000,0 ; -10,1 ; 42,2 ; 42,9 ; 39,9 ; 41,7 ; 40,0 ; NOP ; 
17/04/2020 ; 11:40:32 ; 165,8 ; 2000,0 ; -10,1 ; 42,6 ; 43,4 ; 40,1 ; 42,2 ; 40,3 ; NOP ; 
17/04/2020 ; 11:40:38 ; 165,8 ; 2000,0 ; -10,1 ; 42,8 ; 43,5 ; 40,2 ; 42,3 ; 40,3 ; NOP ; 
17/04/2020 ; 11:40:44 ; 165,8 ; 2000,0 ; -10,0 ; 43,1 ; 43,8 ; 40,4 ; 42,6 ; 40,6 ; NOP ; 
17/04/2020 ; 11:40:50 ; 165,8 ; 2000,0 ; -10,1 ; 43,3 ; 44,0 ; 40,8 ; 42,9 ; 40,9 ; NOP ; 
17/04/2020 ; 11:40:56 ; 165,8 ; 2000,0 ; -10,1 ; 43,3 ; 44,0 ; 40,8 ; 42,8 ; 40,9 ; NOP ; 
17/04/2020 ; 11:41:02 ; 165,8 ; 2000,0 ; -10,2 ; 43,3 ; 43,8 ; 40,8 ; 42,8 ; 41,0 ; NOP ; 
17/04/2020 ; 11:41:08 ; 165,8 ; 2000,0 ; -10,1 ; 43,2 ; 43,8 ; 40,8 ; 42,8 ; 41,0 ; NOP ; 
17/04/2020 ; 11:41:14 ; 166,1 ; 2000,0 ; -10,1 ; 43,1 ; 44,0 ; 40,7 ; 42,7 ; 41,0 ; NOP ; 
17/04/2020 ; 11:41:20 ; 165,8 ; 2000,0 ; -10,1 ; 43,1 ; 43,9 ; 40,7 ; 42,6 ; 41,0 ; NOP ; 
17/04/2020 ; 11:41:26 ; 165,8 ; 2000,0 ; -10,2 ; 43,1 ; 43,7 ; 40,6 ; 42,4 ; 40,9 ; NOP ; 
17/04/2020 ; 11:41:32 ; 165,8 ; 2000,0 ; -10,2 ; 43,1 ; 43,7 ; 40,6 ; 42,3 ; 40,9 ; NOP ; 
17/04/2020 ; 11:41:38 ; 165,8 ; 2000,0 ; -10,0 ; 43,0 ; 43,4 ; 40,5 ; 41,9 ; 40,9 ; NOP ; 
17/04/2020 ; 11:41:44 ; 165,8 ; 2000,0 ; -10,1 ; 42,8 ; 43,3 ; 40,4 ; 42,0 ; 40,9 ; NOP ; 
17/04/2020 ; 11:41:50 ; 166,1 ; 2000,0 ; -10,1 ; 42,8 ; 43,2 ; 40,4 ; 42,0 ; 40,9 ; NOP ; 
17/04/2020 ; 11:41:56 ; 165,8 ; 2000,0 ; -10,1 ; 42,7 ; 43,2 ; 40,3 ; 41,9 ; 40,8 ; NOP ; 
17/04/2020 ; 11:42:02 ; 165,8 ; 2000,0 ; -10,2 ; 42,7 ; 43,1 ; 40,3 ; 41,9 ; 40,8 ; NOP ; 
17/04/2020 ; 11:42:08 ; 165,8 ; 2000,0 ; -10,1 ; 42,6 ; 43,1 ; 40,1 ; 41,8 ; 40,7 ; NOP ; 
17/04/2020 ; 11:42:14 ; 166,1 ; 2000,0 ; -10,0 ; 42,3 ; 42,9 ; 40,0 ; 41,7 ; 40,6 ; NOP ; 
17/04/2020 ; 11:42:20 ; 165,8 ; 2000,0 ; -10,0 ; 42,2 ; 43,0 ; 39,9 ; 41,5 ; 40,4 ; NOP ; 
17/04/2020 ; 11:42:26 ; 165,8 ; 2000,0 ; -10,1 ; 42,3 ; 42,9 ; 39,9 ; 41,5 ; 40,3 ; NOP ; 
17/04/2020 ; 11:42:32 ; 165,8 ; 2000,0 ; -10,1 ; 42,4 ; 42,8 ; 39,9 ; 41,7 ; 40,3 ; NOP ; 
17/04/2020 ; 11:42:38 ; 165,8 ; 2000,0 ; -10,1 ; 42,3 ; 42,7 ; 39,9 ; 41,7 ; 40,3 ; NOP ; 
17/04/2020 ; 11:55:38 ; 165,8 ; 2000,0 ; -10,0 ; 40,8 ; 41,5 ; 38,6 ; 40,1 ; 39,0 ; NOP ; 
17/04/2020 ; 11:55:44 ; 165,8 ; 2000,0 ; -10,1 ; 40,8 ; 41,5 ; 38,6 ; 40,2 ; 39,0 ; NOP ; 
17/04/2020 ; 11:55:50 ; 165,8 ; 2000,0 ; -10,0 ; 40,9 ; 41,5 ; 38,7 ; 40,0 ; 39,1 ; NOP ; 
17/04/2020 ; 11:55:56 ; 165,8 ; 2000,0 ; -10,1 ; 40,9 ; 41,5 ; 38,7 ; 40,1 ; 39,1 ; NOP ; 
17/04/2020 ; 11:56:02 ; 165,8 ; 2000,0 ; -10,1 ; 40,9 ; 41,3 ; 38,7 ; 40,1 ; 39,1 ; NOP ; 
17/04/2020 ; 11:56:08 ; 166,1 ; 2000,0 ; -10,2 ; 40,8 ; 41,3 ; 38,7 ; 40,2 ; 39,0 ; NOP ; 
17/04/2020 ; 11:56:14 ; 165,8 ; 2000,0 ; -10,1 ; 40,7 ; 41,5 ; 38,6 ; 40,1 ; 39,0 ; NOP ; 
17/04/2020 ; 11:56:20 ; 166,1 ; 2000,0 ; -10,1 ; 40,8 ; 41,5 ; 38,6 ; 40,1 ; 39,0 ; NOP ; 
17/04/2020 ; 11:56:26 ; 165,8 ; 2000,0 ; -10,1 ; 40,8 ; 41,3 ; 38,6 ; 40,1 ; 39,0 ; NOP ; 
17/04/2020 ; 11:56:32 ; 166,1 ; 2000,0 ; -10,0 ; 40,8 ; 41,2 ; 38,6 ; 40,1 ; 39,0 ; NOP ; 
17/04/2020 ; 11:56:38 ; 165,8 ; 2000,0 ; -10,1 ; 40,8 ; 41,1 ; 38,7 ; 40,1 ; 39,0 ; NOP ; 
17/04/2020 ; 11:56:44 ; 165,8 ; 2000,0 ; -10,1 ; 41,0 ; 41,2 ; 38,8 ; 40,4 ; 39,1 ; NOP ; 
17/04/2020 ; 11:56:50 ; 165,8 ; 2000,0 ; -10,1 ; 41,1 ; 41,3 ; 39,0 ; 40,5 ; 39,2 ; NOP ; 
17/04/2020 ; 11:56:56 ; 165,8 ; 2000,0 ; -10,2 ; 41,0 ; 41,5 ; 39,0 ; 40,6 ; 39,3 ; NOP ; 
17/04/2020 ; 11:57:02 ; 165,8 ; 2000,0 ; -10,0 ; 41,3 ; 42,1 ; 39,4 ; 40,9 ; 39,5 ; NOP ; 
17/04/2020 ; 11:57:08 ; 165,8 ; 2000,0 ; -10,2 ; 41,7 ; 42,6 ; 39,8 ; 41,2 ; 39,8 ; NOP ; 
17/04/2020 ; 11:57:14 ; 165,8 ; 2000,0 ; -10,0 ; 41,9 ; 42,8 ; 39,9 ; 41,6 ; 39,9 ; NOP ; 
17/04/2020 ; 11:57:20 ; 165,8 ; 2000,0 ; -10,2 ; 42,1 ; 43,1 ; 40,0 ; 41,8 ; 40,0 ; NOP ; 
17/04/2020 ; 11:57:26 ; 165,8 ; 2000,0 ; -10,1 ; 42,2 ; 43,3 ; 40,1 ; 41,9 ; 40,1 ; NOP ; 
17/04/2020 ; 11:57:32 ; 166,1 ; 2000,0 ; -10,2 ; 42,4 ; 43,4 ; 40,1 ; 42,1 ; 40,1 ; NOP ; 
17/04/2020 ; 11:57:38 ; 165,8 ; 2000,0 ; -10,2 ; 42,5 ; 43,5 ; 40,2 ; 42,1 ; 40,3 ; NOP ; 
17/04/2020 ; 11:57:44 ; 165,8 ; 2000,0 ; -10,1 ; 42,8 ; 43,7 ; 40,4 ; 42,4 ; 40,4 ; NOP ; 
17/04/2020 ; 11:57:50 ; 165,8 ; 2000,0 ; -10,1 ; 43,1 ; 43,8 ; 40,7 ; 42,6 ; 40,6 ; NOP ; 
17/04/2020 ; 11:57:56 ; 165,8 ; 2000,0 ; -10,0 ; 43,1 ; 43,7 ; 40,7 ; 42,6 ; 40,8 ; NOP ; 
17/04/2020 ; 11:58:02 ; 165,8 ; 2000,0 ; -10,1 ; 43,0 ; 43,7 ; 40,7 ; 42,6 ; 40,8 ; NOP ; 
17/04/2020 ; 11:58:08 ; 165,8 ; 2000,0 ; -10,1 ; 43,0 ; 43,7 ; 40,7 ; 42,6 ; 40,7 ; NOP ; 
17/04/2020 ; 11:58:14 ; 166,1 ; 2000,0 ; -10,3 ; 43,0 ; 43,7 ; 40,6 ; 42,5 ; 40,8 ; NOP ; 
17/04/2020 ; 11:58:20 ; 165,8 ; 2000,0 ; -10,1 ; 42,8 ; 43,8 ; 40,6 ; 42,4 ; 40,8 ; NOP ; 
17/04/2020 ; 11:58:26 ; 165,8 ; 2000,0 ; -10,1 ; 42,7 ; 43,8 ; 40,5 ; 42,3 ; 40,8 ; NOP ; 
17/04/2020 ; 11:58:32 ; 165,8 ; 2000,0 ; -10,0 ; 42,7 ; 43,8 ; 40,4 ; 42,3 ; 40,8 ; NOP ; 
17/04/2020 ; 11:58:38 ; 165,8 ; 2000,0 ; -10,2 ; 42,6 ; 43,7 ; 40,4 ; 42,1 ; 40,7 ; NOP ; 
17/04/2020 ; 11:58:44 ; 165,8 ; 2000,0 ; -10,2 ; 42,5 ; 43,5 ; 40,3 ; 42,0 ; 40,6 ; NOP ; 
17/04/2020 ; 11:58:50 ; 165,8 ; 2000,0 ; -10,1 ; 42,4 ; 43,4 ; 40,2 ; 41,8 ; 40,5 ; NOP ; 
17/04/2020 ; 11:58:56 ; 165,8 ; 2000,0 ; -10,1 ; 42,3 ; 43,2 ; 40,0 ; 41,7 ; 40,3 ; NOP ; 
17/04/2020 ; 11:59:02 ; 166,1 ; 2000,0 ; -10,1 ; 42,2 ; 43,2 ; 40,0 ; 41,7 ; 40,3 ; NOP ; 
17/04/2020 ; 11:59:08 ; 165,8 ; 2000,0 ; -10,1 ; 42,3 ; 43,1 ; 40,0 ; 41,7 ; 40,3 ; NOP ; 
17/04/2020 ; 11:59:14 ; 168,0 ; 2000,0 ; -10,0 ; 42,3 ; 43,1 ; 40,0 ; 41,7 ; 40,3 ; NOP ; 
17/04/2020 ; 11:59:20 ; 166,1 ; 2000,0 ; -10,0 ; 42,3 ; 43,0 ; 40,0 ; 41,7 ; 40,3 ; NOP ; 
17/04/2020 ; 11:59:26 ; 166,1 ; 2000,0 ; -10,1 ; 42,3 ; 43,0 ; 40,0 ; 41,6 ; 40,3 ; NOP ; 
17/04/2020 ; 11:59:32 ; 168,6 ; 2000,0 ; -10,1 ; 42,1 ; 42,7 ; 39,9 ; 41,6 ; 40,3 ; NOP ; 
17/04/2020 ; 11:59:38 ; 165,8 ; 2000,0 ; -10,0 ; 42,3 ; 42,6 ; 39,8 ; 41,6 ; 40,2 ; NOP ; 
17/04/2020 ; 11:59:44 ; 165,8 ; 2000,0 ; -10,0 ; 42,3 ; 42,5 ; 39,8 ; 41,5 ; 40,2 ; NOP ; 
17/04/2020 ; 11:59:50 ; 165,8 ; 2000,0 ; -10,1 ; 42,1 ; 42,5 ; 39,7 ; 41,5 ; 40,1 ; NOP ; 
17/04/2020 ; 11:59:56 ; 166,1 ; 2000,0 ; -10,3 ; 42,0 ; 42,4 ; 39,7 ; 41,3 ; 40,1 ; NOP ; 
17/04/2020 ; 12:00:02 ; 165,8 ; 2000,0 ; -10,1 ; 41,7 ; 42,3 ; 39,6 ; 41,1 ; 40,1 ; NOP ; 
17/04/2020 ; 12:00:08 ; 165,8 ; 2000,0 ; -10,1 ; 41,7 ; 42,3 ; 39,5 ; 41,1 ; 40,1 ; NOP ; 
17/04/2020 ; 12:00:14 ; 166,1 ; 2000,0 ; -10,1 ; 41,6 ; 42,3 ; 39,4 ; 41,0 ; 40,0 ; NOP ; 
17/04/2020 ; 12:00:20 ; 165,8 ; 2000,0 ; -10,2 ; 41,6 ; 42,3 ; 39,4 ; 40,9 ; 39,9 ; NOP ; 
17/04/2020 ; 12:00:26 ; 165,8 ; 2000,0 ; -10,2 ; 41,6 ; 42,1 ; 39,3 ; 40,9 ; 39,9 ; NOP ; 
17/04/2020 ; 12:00:32 ; 165,8 ; 2000,0 ; -10,1 ; 41,6 ; 42,2 ; 39,4 ; 40,9 ; 39,9 ; NOP ; 
17/04/2020 ; 12:00:38 ; 165,8 ; 2000,0 ; -10,2 ; 41,6 ; 42,1 ; 39,4 ; 40,8 ; 39,9 ; NOP ; 
17/04/2020 ; 12:00:44 ; 166,1 ; 2000,0 ; -10,1 ; 41,6 ; 42,0 ; 39,3 ; 40,8 ; 39,9 ; NOP ; 
17/04/2020 ; 12:00:50 ; 165,8 ; 2000,0 ; -10,1 ; 41,6 ; 42,0 ; 39,3 ; 40,8 ; 39,9 ; NOP ; 
17/04/2020 ; 12:00:56 ; 169,6 ; 2000,0 ; -10,0 ; 41,3 ; 42,1 ; 39,2 ; 40,7 ; 39,8 ; NOP ; 
17/04/2020 ; 12:01:02 ; 165,8 ; 2000,0 ; -10,1 ; 41,2 ; 42,1 ; 39,2 ; 40,7 ; 39,8 ; NOP ; 
17/04/2020 ; 12:01:08 ; 165,8 ; 2000,0 ; -10,1 ; 41,2 ; 42,0 ; 39,1 ; 40,5 ; 39,7 ; NOP ; 
17/04/2020 ; 12:01:14 ; 165,8 ; 2000,0 ; -10,1 ; 41,3 ; 41,8 ; 39,1 ; 40,3 ; 39,7 ; NOP ; 
17/04/2020 ; 12:01:20 ; 165,8 ; 2000,0 ; -10,1 ; 41,3 ; 41,8 ; 39,1 ; 40,4 ; 39,7 ; NOP ; 
17/04/2020 ; 12:01:26 ; 166,1 ; 2000,0 ; -10,2 ; 41,2 ; 41,8 ; 39,1 ; 40,5 ; 39,6 ; NOP ; 
17/04/2020 ; 12:01:32 ; 165,8 ; 2000,0 ; -10,0 ; 41,2 ; 41,7 ; 39,1 ; 40,5 ; 39,6 ; NOP ; 
17/04/2020 ; 12:01:38 ; 165,8 ; 2000,0 ; -10,1 ; 41,2 ; 41,6 ; 39,1 ; 40,5 ; 39,6 ; NOP ; 
17/04/2020 ; 12:01:44 ; 166,1 ; 2000,0 ; -10,1 ; 41,0 ; 41,6 ; 39,0 ; 40,5 ; 39,4 ; NOP ; 
17/04/2020 ; 12:01:50 ; 165,8 ; 2000,0 ; -10,0 ; 41,0 ; 41,6 ; 39,0 ; 40,4 ; 39,4 ; NOP ; 
17/04/2020 ; 12:01:56 ; 166,1 ; 2000,0 ; -10,2 ; 41,2 ; 41,6 ; 39,0 ; 40,4 ; 39,4 ; NOP ; 
17/04/2020 ; 12:02:02 ; 165,8 ; 2000,0 ; -10,1 ; 41,2 ; 41,5 ; 39,0 ; 40,4 ; 39,4 ; NOP ; 
17/04/2020 ; 12:02:08 ; 166,1 ; 2000,0 ; -10,1 ; 41,2 ; 41,5 ; 39,1 ; 40,4 ; 39,4 ; NOP ; 
17/04/2020 ; 12:02:14 ; 165,8 ; 2000,0 ; -10,1 ; 41,2 ; 41,5 ; 39,0 ; 40,4 ; 39,4 ; NOP ; 
17/04/2020 ; 12:02:20 ; 166,1 ; 2000,0 ; -10,1 ; 41,2 ; 41,6 ; 39,0 ; 40,4 ; 39,4 ; NOP ; 
17/04/2020 ; 12:02:26 ; 165,8 ; 2000,0 ; -10,1 ; 41,0 ; 41,7 ; 38,9 ; 40,3 ; 39,4 ; NOP ; 
17/04/2020 ; 12:02:32 ; 165,8 ; 2000,0 ; -10,0 ; 41,0 ; 41,7 ; 38,9 ; 40,3 ; 39,4 ; NOP ; 
17/04/2020 ; 12:02:38 ; 165,8 ; 2000,0 ; -10,1 ; 41,1 ; 41,7 ; 38,9 ; 40,4 ; 39,4 ; NOP ; 
17/04/2020 ; 12:02:44 ; 165,8 ; 2000,0 ; -10,1 ; 41,0 ; 41,8 ; 38,9 ; 40,3 ; 39,3 ; NOP ; 
17/04/2020 ; 12:02:50 ; 165,8 ; 2000,0 ; -10,2 ; 41,0 ; 41,8 ; 38,9 ; 40,3 ; 39,3 ; NOP ; 
17/04/2020 ; 12:02:56 ; 165,8 ; 2000,0 ; -10,0 ; 40,8 ; 41,6 ; 38,8 ; 40,2 ; 39,1 ; NOP ; 
17/04/2020 ; 12:03:02 ; 165,8 ; 2000,0 ; -10,1 ; 40,8 ; 41,5 ; 38,8 ; 40,1 ; 39,1 ; NOP ; 
17/04/2020 ; 12:03:08 ; 165,8 ; 2000,0 ; -10,1 ; 40,8 ; 41,4 ; 38,7 ; 40,1 ; 39,0 ; NOP ; 
17/04/2020 ; 12:03:14 ; 166,1 ; 2000,0 ; -10,1 ; 40,8 ; 41,3 ; 38,6 ; 40,2 ; 39,0 ; NOP ; 
17/04/2020 ; 12:03:20 ; 168,6 ; 2000,0 ; -10,1 ; 40,8 ; 41,2 ; 38,6 ; 40,2 ; 39,0 ; NOP ; 
17/04/2020 ; 12:03:26 ; 165,8 ; 2000,0 ; -10,1 ; 40,6 ; 41,2 ; 38,6 ; 40,0 ; 39,0 ; NOP ; 
17/04/2020 ; 12:03:32 ; 165,8 ; 2000,0 ; -10,1 ; 40,6 ; 41,2 ; 38,6 ; 40,0 ; 39,0 ; NOP ; 
17/04/2020 ; 12:03:38 ; 169,3 ; 2000,0 ; -10,0 ; 40,6 ; 41,2 ; 38,5 ; 40,0 ; 38,9 ; NOP ; 
17/04/2020 ; 12:03:44 ; 165,8 ; 2000,0 ; -10,1 ; 40,6 ; 41,1 ; 38,4 ; 40,0 ; 38,9 ; NOP ; 
17/04/2020 ; 12:03:50 ; 165,8 ; 2000,0 ; -10,1 ; 40,7 ; 41,1 ; 38,5 ; 40,0 ; 38,9 ; NOP ; 
17/04/2020 ; 12:03:56 ; 165,8 ; 2000,0 ; -10,1 ; 41,2 ; 41,2 ; 38,9 ; 40,4 ; 39,2 ; NOP ; 
17/04/2020 ; 12:04:02 ; 169,3 ; 2000,0 ; -10,1 ; 41,3 ; 41,2 ; 39,0 ; 40,6 ; 39,2 ; NOP ; 
17/04/2020 ; 12:04:08 ; 165,8 ; 2000,0 ; -10,1 ; 41,5 ; 41,5 ; 39,2 ; 40,9 ; 39,4 ; NOP ; 
17/04/2020 ; 12:04:14 ; 165,8 ; 2000,0 ; -10,0 ; 41,5 ; 41,7 ; 39,4 ; 41,0 ; 39,6 ; NOP ; 
17/04/2020 ; 12:04:20 ; 165,8 ; 2000,0 ; -10,2 ; 41,6 ; 41,8 ; 39,5 ; 41,1 ; 39,6 ; NOP ; 
17/04/2020 ; 12:04:26 ; 165,8 ; 2000,0 ; -10,2 ; 41,9 ; 42,3 ; 39,7 ; 41,4 ; 39,7 ; NOP ; 
17/04/2020 ; 12:04:32 ; 166,1 ; 2000,0 ; -10,1 ; 41,9 ; 42,4 ; 39,7 ; 41,5 ; 39,7 ; NOP ; 
17/04/2020 ; 12:04:38 ; 165,8 ; 2000,0 ; -10,1 ; 42,1 ; 42,7 ; 39,8 ; 41,8 ; 39,9 ; NOP ; 
17/04/2020 ; 12:04:44 ; 165,8 ; 2000,0 ; -10,1 ; 42,3 ; 43,2 ; 40,0 ; 41,9 ; 40,1 ; NOP ; 
17/04/2020 ; 12:04:50 ; 165,8 ; 2000,0 ; -10,2 ; 42,4 ; 43,3 ; 40,1 ; 42,1 ; 40,1 ; NOP ; 
17/04/2020 ; 12:04:56 ; 165,8 ; 2000,0 ; -10,1 ; 42,6 ; 43,6 ; 40,3 ; 42,4 ; 40,3 ; NOP ; 
17/04/2020 ; 12:05:02 ; 166,1 ; 2000,0 ; -10,1 ; 42,7 ; 43,8 ; 40,4 ; 42,6 ; 40,4 ; NOP ; 
17/04/2020 ; 12:05:08 ; 165,8 ; 2000,0 ; -10,1 ; 42,9 ; 43,9 ; 40,8 ; 42,6 ; 40,6 ; NOP ; 
17/04/2020 ; 12:05:14 ; 165,8 ; 2000,0 ; -10,1 ; 43,1 ; 44,1 ; 40,9 ; 42,7 ; 40,8 ; NOP ; 
17/04/2020 ; 12:05:20 ; 165,8 ; 2000,0 ; -10,1 ; 43,1 ; 44,2 ; 40,9 ; 42,7 ; 40,8 ; NOP ; 
17/04/2020 ; 12:05:26 ; 165,8 ; 2000,0 ; -10,1 ; 43,1 ; 44,3 ; 40,9 ; 42,7 ; 40,9 ; NOP ; 
17/04/2020 ; 12:05:32 ; 165,8 ; 2000,0 ; -10,1 ; 43,2 ; 44,1 ; 40,9 ; 42,7 ; 40,9 ; NOP ; 
17/04/2020 ; 12:05:38 ; 165,8 ; 2000,0 ; -10,2 ; 43,1 ; 44,1 ; 40,9 ; 42,7 ; 40,9 ; NOP ; 
17/04/2020 ; 12:05:44 ; 165,8 ; 2000,0 ; -10,2 ; 43,0 ; 44,1 ; 40,8 ; 42,5 ; 40,9 ; NOP ; 
17/04/2020 ; 12:05:50 ; 165,8 ; 2000,0 ; -10,1 ; 43,0 ; 44,0 ; 40,8 ; 42,5 ; 40,9 ; NOP ; 
17/04/2020 ; 12:05:56 ; 166,1 ; 2000,0 ; -10,1 ; 43,0 ; 43,9 ; 40,7 ; 42,4 ; 40,9 ; NOP ; 
17/04/2020 ; 12:06:02 ; 165,8 ; 2000,0 ; -10,1 ; 43,0 ; 43,8 ; 40,7 ; 42,4 ; 40,9 ; NOP ; 
17/04/2020 ; 12:06:08 ; 165,8 ; 2000,0 ; -10,0 ; 43,0 ; 43,7 ; 40,6 ; 42,4 ; 40,8 ; NOP ; 
17/04/2020 ; 12:06:14 ; 165,8 ; 2000,0 ; -10,1 ; 42,8 ; 43,5 ; 40,6 ; 42,3 ; 40,8 ; NOP ; 
17/04/2020 ; 12:06:20 ; 165,8 ; 2000,0 ; -10,1 ; 42,7 ; 43,5 ; 40,6 ; 42,3 ; 40,8 ; NOP ; 
17/04/2020 ; 12:06:26 ; 165,8 ; 2000,0 ; -10,1 ; 42,6 ; 43,5 ; 40,5 ; 42,1 ; 40,7 ; NOP ; 
17/04/2020 ; 12:06:32 ; 165,8 ; 2000,0 ; -10,1 ; 42,6 ; 43,4 ; 40,4 ; 42,1 ; 40,7 ; NOP ; 
17/04/2020 ; 12:06:38 ; 165,8 ; 2000,0 ; -10,2 ; 42,6 ; 43,4 ; 40,4 ; 42,1 ; 40,7 ; NOP ; 
17/04/2020 ; 12:06:44 ; 166,1 ; 2000,0 ; -10,2 ; 42,7 ; 43,3 ; 40,4 ; 42,1 ; 40,7 ; NOP ; 
17/04/2020 ; 12:06:50 ; 165,8 ; 2000,0 ; -10,2 ; 42,7 ; 43,3 ; 40,4 ; 42,1 ; 40,7 ; NOP ; 
17/04/2020 ; 12:06:56 ; 165,8 ; 2000,0 ; -10,3 ; 42,6 ; 43,3 ; 40,4 ; 41,9 ; 40,7 ; NOP ; 
17/04/2020 ; 12:07:02 ; 165,8 ; 2000,0 ; -10,0 ; 42,6 ; 43,2 ; 40,4 ; 41,9 ; 40,7 ; NOP ; 
17/04/2020 ; 12:07:08 ; 166,1 ; 2000,0 ; -10,2 ; 42,4 ; 43,2 ; 40,3 ; 41,8 ; 40,6 ; NOP ; 
17/04/2020 ; 12:07:14 ; 166,1 ; 2000,0 ; -10,1 ; 42,2 ; 43,0 ; 40,1 ; 41,7 ; 40,4 ; NOP ; 
17/04/2020 ; 12:07:20 ; 165,8 ; 2000,0 ; -10,1 ; 42,1 ; 43,0 ; 40,0 ; 41,7 ; 40,4 ; NOP ; 
17/04/2020 ; 12:07:26 ; 165,8 ; 2000,0 ; -10,1 ; 42,1 ; 43,0 ; 39,9 ; 41,7 ; 40,3 ; NOP ; 
17/04/2020 ; 12:07:32 ; 166,1 ; 2000,0 ; -10,1 ; 42,3 ; 42,8 ; 39,9 ; 41,7 ; 40,3 ; NOP ; 
17/04/2020 ; 12:07:38 ; 165,8 ; 2000,0 ; -10,1 ; 42,2 ; 42,8 ; 40,0 ; 41,6 ; 40,3 ; NOP ; 
17/04/2020 ; 12:07:44 ; 165,8 ; 2000,0 ; -10,0 ; 42,0 ; 42,7 ; 39,9 ; 41,5 ; 40,2 ; NOP ; 
17/04/2020 ; 12:07:50 ; 165,8 ; 2000,0 ; -10,1 ; 41,9 ; 42,6 ; 39,9 ; 41,4 ; 40,2 ; NOP ; 
17/04/2020 ; 12:07:56 ; 165,8 ; 2000,0 ; -10,2 ; 42,0 ; 42,6 ; 39,8 ; 41,4 ; 40,1 ; NOP ; 
17/04/2020 ; 12:08:02 ; 166,1 ; 2000,0 ; -10,1 ; 42,0 ; 42,6 ; 39,8 ; 41,3 ; 40,1 ; NOP ; 
17/04/2020 ; 12:08:08 ; 165,8 ; 2000,0 ; -10,1 ; 41,9 ; 42,6 ; 39,7 ; 41,3 ; 40,0 ; NOP ; 
17/04/2020 ; 12:08:14 ; 166,1 ; 2000,0 ; -10,0 ; 41,9 ; 42,6 ; 39,6 ; 41,2 ; 40,0 ; NOP ; 
17/04/2020 ; 12:21:14 ; 166,1 ; 2000,0 ; -10,1 ; 40,8 ; 41,3 ; 38,9 ; 40,2 ; 39,0 ; NOP ; 
17/04/2020 ; 12:21:20 ; 166,1 ; 2000,0 ; -10,1 ; 40,7 ; 41,4 ; 38,8 ; 40,1 ; 39,1 ; NOP ; 
17/04/2020 ; 12:21:26 ; 166,1 ; 2000,0 ; -10,1 ; 40,7 ; 41,3 ; 38,8 ; 40,1 ; 39,0 ; NOP ; 
17/04/2020 ; 12:21:32 ; 165,8 ; 2000,0 ; -10,2 ; 40,6 ; 41,1 ; 38,8 ; 40,1 ; 38,9 ; NOP ; 
17/04/2020 ; 12:21:38 ; 165,8 ; 2000,0 ; -10,1 ; 40,4 ; 41,2 ; 38,7 ; 40,0 ; 38,8 ; NOP ; 
17/04/2020 ; 12:21:44 ; 165,8 ; 2000,0 ; -10,1 ; 40,4 ; 41,2 ; 38,7 ; 40,0 ; 38,8 ; NOP ; 
17/04/2020 ; 12:21:50 ; 166,1 ; 2000,0 ; -10,1 ; 40,8 ; 41,1 ; 38,7 ; 40,2 ; 38,8 ; NOP ; 
17/04/2020 ; 12:21:56 ; 165,8 ; 2000,0 ; -10,1 ; 41,1 ; 41,2 ; 39,1 ; 40,4 ; 39,0 ; NOP ; 
17/04/2020 ; 12:22:02 ; 166,1 ; 2000,0 ; -10,1 ; 41,5 ; 41,7 ; 39,3 ; 41,0 ; 39,3 ; NOP ; 
17/04/2020 ; 12:22:08 ; 165,8 ; 2000,0 ; -10,1 ; 41,9 ; 42,1 ; 39,8 ; 41,2 ; 39,6 ; NOP ; 
17/04/2020 ; 12:22:14 ; 166,1 ; 2000,0 ; -10,1 ; 42,3 ; 42,8 ; 40,1 ; 41,8 ; 39,9 ; NOP ; 
17/04/2020 ; 12:22:20 ; 165,8 ; 2000,0 ; -10,0 ; 42,6 ; 43,2 ; 40,4 ; 42,3 ; 40,1 ; NOP ; 
17/04/2020 ; 12:22:26 ; 165,8 ; 2000,0 ; -10,2 ; 42,7 ; 43,3 ; 40,4 ; 42,3 ; 40,2 ; NOP ; 
17/04/2020 ; 12:22:32 ; 165,8 ; 2000,0 ; -10,1 ; 42,8 ; 43,3 ; 40,6 ; 42,4 ; 40,3 ; NOP ; 
17/04/2020 ; 12:22:38 ; 165,8 ; 2000,0 ; -10,3 ; 43,2 ; 43,4 ; 41,0 ; 42,6 ; 40,6 ; NOP ; 
17/04/2020 ; 12:22:44 ; 165,8 ; 2000,0 ; -10,0 ; 43,2 ; 43,2 ; 40,9 ; 42,6 ; 40,7 ; NOP ; 
17/04/2020 ; 12:22:50 ; 165,8 ; 2000,0 ; -10,2 ; 43,2 ; 43,2 ; 40,9 ; 42,7 ; 40,7 ; NOP ; 
17/04/2020 ; 12:22:56 ; 165,8 ; 2000,0 ; -10,1 ; 43,2 ; 43,2 ; 40,9 ; 42,7 ; 40,7 ; NOP ; 
17/04/2020 ; 12:23:02 ; 165,8 ; 2000,0 ; -10,1 ; 43,2 ; 43,2 ; 40,8 ; 42,6 ; 40,7 ; NOP ; 
17/04/2020 ; 12:23:08 ; 165,8 ; 2000,0 ; -10,2 ; 43,1 ; 43,0 ; 40,8 ; 42,1 ; 40,7 ; NOP ; 
17/04/2020 ; 12:23:14 ; 165,8 ; 2000,0 ; -10,1 ; 43,1 ; 43,0 ; 40,8 ; 42,1 ; 40,7 ; NOP ; 
17/04/2020 ; 12:23:20 ; 165,8 ; 2000,0 ; -10,2 ; 42,9 ; 43,0 ; 40,7 ; 42,1 ; 40,7 ; NOP ; 
17/04/2020 ; 12:23:26 ; 165,8 ; 2000,0 ; -10,2 ; 42,7 ; 43,0 ; 40,6 ; 42,0 ; 40,6 ; NOP ; 
17/04/2020 ; 12:23:32 ; 165,8 ; 2000,0 ; -10,2 ; 42,5 ; 43,0 ; 40,4 ; 41,9 ; 40,6 ; NOP ; 
17/04/2020 ; 12:23:38 ; 165,8 ; 2000,0 ; -10,2 ; 42,3 ; 43,1 ; 40,3 ; 41,8 ; 40,4 ; NOP ; 
17/04/2020 ; 12:23:44 ; 165,8 ; 2000,0 ; -10,1 ; 42,3 ; 43,1 ; 40,2 ; 41,7 ; 40,4 ; NOP ; 
17/04/2020 ; 12:23:50 ; 165,8 ; 2000,0 ; -10,1 ; 42,2 ; 43,1 ; 40,2 ; 41,7 ; 40,4 ; NOP ; 
17/04/2020 ; 12:23:56 ; 165,8 ; 2000,0 ; -10,1 ; 42,1 ; 43,2 ; 40,2 ; 41,6 ; 40,3 ; NOP ; 
17/04/2020 ; 12:24:02 ; 166,1 ; 2000,0 ; -10,1 ; 42,1 ; 43,1 ; 40,2 ; 41,6 ; 40,3 ; NOP ; 
17/04/2020 ; 12:24:08 ; 165,8 ; 2000,0 ; -10,2 ; 42,1 ; 43,2 ; 40,1 ; 41,5 ; 40,2 ; NOP ; 
17/04/2020 ; 12:24:14 ; 165,8 ; 2000,0 ; -10,1 ; 42,0 ; 43,1 ; 40,1 ; 41,5 ; 40,2 ; NOP ; 
17/04/2020 ; 12:24:20 ; 165,8 ; 2000,0 ; -10,1 ; 41,9 ; 43,1 ; 40,0 ; 41,3 ; 40,1 ; NOP ; 
17/04/2020 ; 12:24:26 ; 165,8 ; 2000,0 ; -10,1 ; 41,8 ; 43,0 ; 39,9 ; 41,3 ; 40,1 ; NOP ; 
17/04/2020 ; 12:24:32 ; 166,1 ; 2000,0 ; -10,2 ; 41,7 ; 42,8 ; 39,8 ; 41,2 ; 40,0 ; NOP ; 
17/04/2020 ; 12:24:38 ; 165,8 ; 2000,0 ; -10,1 ; 41,7 ; 42,8 ; 39,8 ; 41,2 ; 40,0 ; NOP ; 
17/04/2020 ; 12:24:44 ; 166,1 ; 2000,0 ; -10,1 ; 41,7 ; 42,7 ; 39,7 ; 41,1 ; 39,9 ; NOP ; 
17/04/2020 ; 12:24:50 ; 165,8 ; 2000,0 ; -10,2 ; 41,6 ; 42,7 ; 39,7 ; 41,0 ; 39,8 ; NOP ; 
17/04/2020 ; 12:24:56 ; 165,8 ; 2000,0 ; -10,1 ; 41,6 ; 42,7 ; 39,7 ; 41,0 ; 39,8 ; NOP ; 
17/04/2020 ; 12:25:02 ; 165,8 ; 2000,0 ; -10,2 ; 41,7 ; 42,6 ; 39,6 ; 41,1 ; 39,8 ; NOP ; 
17/04/2020 ; 12:25:08 ; 165,8 ; 2000,0 ; -10,2 ; 41,8 ; 42,6 ; 39,6 ; 41,1 ; 39,8 ; NOP ; 
17/04/2020 ; 12:25:14 ; 165,8 ; 2000,0 ; -10,1 ; 41,6 ; 42,5 ; 39,5 ; 41,0 ; 39,8 ; NOP ; 
17/04/2020 ; 12:25:20 ; 165,8 ; 2000,0 ; -10,1 ; 41,5 ; 42,3 ; 39,3 ; 40,9 ; 39,7 ; NOP ; 
17/04/2020 ; 12:25:26 ; 165,8 ; 2000,0 ; -10,1 ; 41,5 ; 42,1 ; 39,3 ; 40,9 ; 39,6 ; NOP ; 
17/04/2020 ; 12:25:32 ; 165,8 ; 2000,0 ; -10,3 ; 41,5 ; 41,9 ; 39,3 ; 40,9 ; 39,6 ; NOP ; 
17/04/2020 ; 12:25:38 ; 166,1 ; 2000,0 ; -10,1 ; 41,5 ; 41,9 ; 39,3 ; 40,9 ; 39,5 ; NOP ; 
17/04/2020 ; 12:25:44 ; 166,1 ; 2000,0 ; -10,1 ; 41,3 ; 41,8 ; 39,3 ; 40,9 ; 39,5 ; NOP ; 
17/04/2020 ; 12:25:50 ; 165,8 ; 2000,0 ; -10,1 ; 41,3 ; 41,8 ; 39,3 ; 40,8 ; 39,5 ; NOP ; 
17/04/2020 ; 12:25:56 ; 165,8 ; 2000,0 ; -10,2 ; 41,3 ; 41,7 ; 39,2 ; 40,8 ; 39,4 ; NOP ; 
17/04/2020 ; 12:26:02 ; 165,8 ; 2000,0 ; -10,1 ; 41,3 ; 41,7 ; 39,1 ; 40,8 ; 39,4 ; NOP ; 
17/04/2020 ; 12:26:08 ; 165,8 ; 2000,0 ; -10,2 ; 41,2 ; 41,5 ; 39,1 ; 40,5 ; 39,3 ; NOP ; 
17/04/2020 ; 12:26:14 ; 165,8 ; 2000,0 ; -10,2 ; 41,1 ; 41,5 ; 39,2 ; 40,4 ; 39,3 ; NOP ; 
17/04/2020 ; 12:26:20 ; 165,8 ; 2000,0 ; -10,1 ; 41,0 ; 41,5 ; 39,2 ; 40,4 ; 39,2 ; NOP ; 
17/04/2020 ; 12:26:26 ; 165,8 ; 2000,0 ; -10,1 ; 41,0 ; 41,6 ; 39,2 ; 40,4 ; 39,2 ; NOP ; 
17/04/2020 ; 12:26:32 ; 166,1 ; 2000,0 ; -10,1 ; 41,0 ; 41,6 ; 39,2 ; 40,4 ; 39,2 ; NOP ; 
17/04/2020 ; 12:26:38 ; 165,8 ; 2000,0 ; -10,1 ; 41,0 ; 41,6 ; 39,2 ; 40,4 ; 39,2 ; NOP ; 
17/04/2020 ; 12:26:44 ; 165,8 ; 2000,0 ; -10,1 ; 41,0 ; 41,6 ; 39,1 ; 40,4 ; 39,2 ; NOP ; 
17/04/2020 ; 12:26:50 ; 165,8 ; 2000,0 ; -10,0 ; 41,0 ; 41,5 ; 39,2 ; 40,4 ; 39,2 ; NOP ; 
17/04/2020 ; 12:26:56 ; 165,8 ; 2000,0 ; -10,0 ; 41,0 ; 41,5 ; 39,2 ; 40,4 ; 39,1 ; NOP ; 
17/04/2020 ; 12:27:02 ; 165,8 ; 2000,0 ; -10,2 ; 41,0 ; 41,5 ; 39,1 ; 40,4 ; 39,1 ; NOP ; 
17/04/2020 ; 12:27:08 ; 166,1 ; 2000,0 ; -10,1 ; 41,0 ; 41,5 ; 39,1 ; 40,4 ; 39,1 ; NOP ; 
17/04/2020 ; 12:27:14 ; 166,1 ; 2000,0 ; -10,0 ; 40,9 ; 41,6 ; 39,0 ; 40,3 ; 39,1 ; NOP ; 
17/04/2020 ; 12:27:20 ; 165,8 ; 2000,0 ; -10,1 ; 40,9 ; 41,6 ; 39,0 ; 40,3 ; 39,1 ; NOP ; 
17/04/2020 ; 12:27:26 ; 165,8 ; 2000,0 ; -10,1 ; 41,0 ; 41,7 ; 39,0 ; 40,3 ; 39,1 ; NOP ; 
17/04/2020 ; 12:27:32 ; 165,8 ; 2000,0 ; -10,1 ; 41,0 ; 41,7 ; 39,0 ; 40,3 ; 39,1 ; NOP ; 
17/04/2020 ; 12:27:38 ; 166,1 ; 2000,0 ; -10,1 ; 40,8 ; 41,7 ; 39,0 ; 40,2 ; 39,1 ; NOP ; 
17/04/2020 ; 12:27:44 ; 166,1 ; 2000,0 ; -10,0 ; 40,8 ; 41,4 ; 38,9 ; 40,2 ; 39,0 ; NOP ; 
17/04/2020 ; 12:27:50 ; 165,8 ; 2000,0 ; -10,2 ; 40,8 ; 41,3 ; 38,9 ; 40,3 ; 39,0 ; NOP ; 
17/04/2020 ; 12:27:56 ; 165,8 ; 2000,0 ; -10,0 ; 40,9 ; 41,3 ; 38,9 ; 40,3 ; 39,0 ; NOP ; 
17/04/2020 ; 12:28:02 ; 165,8 ; 2000,0 ; -10,1 ; 40,9 ; 41,3 ; 38,8 ; 40,3 ; 39,0 ; NOP ; 
17/04/2020 ; 12:28:08 ; 165,8 ; 2000,0 ; -10,4 ; 40,8 ; 41,3 ; 38,8 ; 40,2 ; 39,0 ; NOP ; 
17/04/2020 ; 12:28:14 ; 165,8 ; 2000,0 ; -10,1 ; 40,8 ; 41,3 ; 38,8 ; 40,1 ; 39,0 ; NOP ; 
17/04/2020 ; 12:28:20 ; 165,8 ; 2000,0 ; -10,1 ; 40,7 ; 41,3 ; 38,8 ; 40,1 ; 39,0 ; NOP ; 
17/04/2020 ; 12:28:26 ; 165,8 ; 2000,0 ; -10,1 ; 40,6 ; 41,2 ; 38,8 ; 40,0 ; 38,9 ; NOP ; 
17/04/2020 ; 12:28:32 ; 166,1 ; 2000,0 ; -10,1 ; 40,6 ; 41,2 ; 38,8 ; 40,0 ; 38,9 ; NOP ; 
17/04/2020 ; 12:28:38 ; 165,8 ; 2000,0 ; -10,2 ; 40,6 ; 41,2 ; 38,7 ; 40,0 ; 38,9 ; NOP ; 
17/04/2020 ; 12:28:44 ; 165,8 ; 2000,0 ; -10,1 ; 40,9 ; 41,3 ; 38,9 ; 40,2 ; 39,0 ; NOP ; 
17/04/2020 ; 12:28:50 ; 168,0 ; 2000,0 ; -10,2 ; 41,0 ; 41,3 ; 39,0 ; 40,3 ; 39,0 ; NOP ; 
17/04/2020 ; 12:28:56 ; 168,3 ; 2000,0 ; -10,2 ; 41,3 ; 41,4 ; 39,2 ; 40,7 ; 39,1 ; NOP ; 
17/04/2020 ; 12:29:02 ; 165,8 ; 2000,0 ; -10,2 ; 41,3 ; 41,5 ; 39,3 ; 40,8 ; 39,2 ; NOP ; 
17/04/2020 ; 12:29:08 ; 165,8 ; 2000,0 ; -10,1 ; 41,5 ; 41,9 ; 39,4 ; 41,0 ; 39,3 ; NOP ; 
17/04/2020 ; 12:29:14 ; 166,1 ; 2000,0 ; -10,1 ; 41,7 ; 42,6 ; 39,9 ; 41,4 ; 39,6 ; NOP ; 
17/04/2020 ; 12:29:20 ; 165,8 ; 2000,0 ; -10,2 ; 41,9 ; 42,7 ; 40,0 ; 41,6 ; 39,7 ; NOP ; 
17/04/2020 ; 12:29:26 ; 165,8 ; 2000,0 ; -10,1 ; 42,0 ; 43,0 ; 40,1 ; 41,8 ; 39,9 ; NOP ; 
17/04/2020 ; 12:29:32 ; 165,8 ; 2000,0 ; -10,1 ; 42,3 ; 43,2 ; 40,1 ; 42,0 ; 40,0 ; NOP ; 
17/04/2020 ; 12:29:38 ; 165,8 ; 2000,0 ; -10,2 ; 42,6 ; 43,5 ; 40,3 ; 42,4 ; 40,2 ; NOP ; 
17/04/2020 ; 12:29:44 ; 165,8 ; 2000,0 ; -10,1 ; 43,0 ; 43,9 ; 40,7 ; 42,7 ; 40,4 ; NOP ; 
17/04/2020 ; 12:29:50 ; 165,8 ; 2000,0 ; -10,1 ; 43,2 ; 44,0 ; 40,9 ; 43,0 ; 40,7 ; NOP ; 
17/04/2020 ; 12:29:56 ; 169,6 ; 2000,0 ; -10,1 ; 43,2 ; 44,0 ; 41,0 ; 42,9 ; 40,8 ; NOP ; 
17/04/2020 ; 12:30:02 ; 165,8 ; 2000,0 ; -10,0 ; 43,2 ; 43,9 ; 41,0 ; 42,8 ; 40,8 ; NOP ; 
17/04/2020 ; 12:30:08 ; 165,8 ; 2000,0 ; -10,1 ; 43,2 ; 43,9 ; 41,0 ; 42,8 ; 40,8 ; NOP ; 
17/04/2020 ; 12:30:14 ; 165,8 ; 2000,0 ; -10,2 ; 43,2 ; 43,8 ; 41,0 ; 42,8 ; 40,8 ; NOP ; 
17/04/2020 ; 12:30:20 ; 165,8 ; 2000,0 ; -10,1 ; 43,0 ; 43,7 ; 40,9 ; 42,7 ; 40,8 ; NOP ; 
17/04/2020 ; 12:30:26 ; 165,8 ; 2000,0 ; -10,1 ; 43,0 ; 43,7 ; 40,9 ; 42,6 ; 40,8 ; NOP ; 
17/04/2020 ; 12:30:32 ; 165,8 ; 2000,0 ; -10,0 ; 43,0 ; 43,7 ; 40,8 ; 42,4 ; 40,8 ; NOP ; 
17/04/2020 ; 12:30:38 ; 165,8 ; 2000,0 ; -10,2 ; 42,8 ; 43,7 ; 40,8 ; 42,3 ; 40,8 ; NOP ; 
17/04/2020 ; 12:30:44 ; 169,6 ; 2000,0 ; -10,1 ; 42,7 ; 43,6 ; 40,7 ; 42,3 ; 40,7 ; NOP ; 
17/04/2020 ; 12:30:50 ; 165,8 ; 2000,0 ; -10,1 ; 42,6 ; 43,6 ; 40,7 ; 42,1 ; 40,7 ; NOP ; 
17/04/2020 ; 12:30:56 ; 165,8 ; 2000,0 ; -10,1 ; 42,5 ; 43,6 ; 40,6 ; 41,9 ; 40,6 ; NOP ; 
17/04/2020 ; 12:31:02 ; 165,8 ; 2000,0 ; -10,1 ; 42,5 ; 43,7 ; 40,6 ; 41,9 ; 40,6 ; NOP ; 
17/04/2020 ; 12:31:08 ; 165,8 ; 2000,0 ; -10,1 ; 42,5 ; 43,5 ; 40,6 ; 41,9 ; 40,6 ; NOP ; 
17/04/2020 ; 12:31:14 ; 165,8 ; 2000,0 ; -10,2 ; 42,4 ; 43,3 ; 40,4 ; 41,9 ; 40,6 ; NOP ; 
17/04/2020 ; 12:31:20 ; 165,8 ; 2000,0 ; -10,1 ; 42,4 ; 43,2 ; 40,4 ; 41,7 ; 40,4 ; NOP ; 
17/04/2020 ; 12:31:26 ; 166,1 ; 2000,0 ; -10,1 ; 42,3 ; 43,2 ; 40,4 ; 41,7 ; 40,4 ; NOP ; 
17/04/2020 ; 12:31:32 ; 165,8 ; 2000,0 ; -10,1 ; 42,1 ; 43,1 ; 40,3 ; 41,5 ; 40,4 ; NOP ; 
17/04/2020 ; 12:31:38 ; 165,8 ; 2000,0 ; -10,1 ; 42,1 ; 43,1 ; 40,1 ; 41,6 ; 40,3 ; NOP ; 
17/04/2020 ; 12:31:44 ; 165,8 ; 2000,0 ; -10,2 ; 42,1 ; 43,1 ; 40,1 ; 41,5 ; 40,3 ; NOP ; 
17/04/2020 ; 12:31:50 ; 165,8 ; 2000,0 ; -10,1 ; 42,1 ; 43,0 ; 40,1 ; 41,5 ; 40,3 ; NOP ; 
17/04/2020 ; 12:31:56 ; 165,8 ; 2000,0 ; -10,2 ; 42,1 ; 43,0 ; 40,0 ; 41,4 ; 40,3 ; NOP ; 
17/04/2020 ; 12:32:02 ; 165,8 ; 2000,0 ; -10,1 ; 42,1 ; 43,0 ; 40,0 ; 41,4 ; 40,3 ; NOP ; 
17/04/2020 ; 12:32:08 ; 165,8 ; 2000,0 ; -10,1 ; 41,9 ; 42,7 ; 40,0 ; 41,3 ; 40,1 ; NOP ; 
17/04/2020 ; 12:32:14 ; 165,8 ; 2000,0 ; -10,0 ; 41,9 ; 42,7 ; 39,9 ; 41,3 ; 40,0 ; NOP ; 
17/04/2020 ; 12:32:20 ; 166,1 ; 2000,0 ; -10,1 ; 41,9 ; 42,7 ; 39,9 ; 41,3 ; 40,0 ; NOP ; 
17/04/2020 ; 12:32:26 ; 165,8 ; 2000,0 ; -10,1 ; 41,7 ; 42,6 ; 39,8 ; 41,2 ; 40,0 ; NOP ; 
17/04/2020 ; 12:32:32 ; 168,0 ; 2000,0 ; -10,1 ; 41,7 ; 42,5 ; 39,8 ; 41,1 ; 39,9 ; NOP ; 
17/04/2020 ; 12:32:38 ; 166,1 ; 2000,0 ; -10,1 ; 41,6 ; 42,4 ; 39,7 ; 41,0 ; 39,8 ; NOP ; 
17/04/2020 ; 12:32:44 ; 165,8 ; 2000,0 ; -10,1 ; 41,5 ; 42,4 ; 39,7 ; 41,0 ; 39,7 ; NOP ; 
17/04/2020 ; 12:32:50 ; 166,1 ; 2000,0 ; -10,1 ; 41,5 ; 42,4 ; 39,7 ; 41,0 ; 39,7 ; NOP ; 
17/04/2020 ; 12:32:56 ; 165,8 ; 2000,0 ; -10,1 ; 41,5 ; 42,3 ; 39,7 ; 41,0 ; 39,7 ; NOP ; 
17/04/2020 ; 12:33:02 ; 165,8 ; 2000,0 ; -10,1 ; 41,5 ; 42,1 ; 39,6 ; 40,9 ; 39,7 ; NOP ; 
17/04/2020 ; 12:33:08 ; 165,8 ; 2000,0 ; -10,0 ; 41,5 ; 42,1 ; 39,6 ; 40,9 ; 39,6 ; NOP ; 
17/04/2020 ; 12:33:14 ; 166,1 ; 2000,0 ; -10,3 ; 41,5 ; 42,2 ; 39,6 ; 40,8 ; 39,6 ; NOP ; 
17/04/2020 ; 12:33:20 ; 166,1 ; 2000,0 ; -10,2 ; 41,3 ; 42,2 ; 39,6 ; 40,8 ; 39,6 ; NOP ; 
17/04/2020 ; 12:33:26 ; 166,1 ; 2000,0 ; -10,2 ; 41,2 ; 42,1 ; 39,6 ; 40,7 ; 39,5 ; NOP ; 
17/04/2020 ; 12:33:32 ; 166,1 ; 2000,0 ; -10,1 ; 41,0 ; 42,1 ; 39,5 ; 40,6 ; 39,4 ; NOP ; 
17/04/2020 ; 12:33:38 ; 165,8 ; 2000,0 ; -10,2 ; 41,0 ; 42,1 ; 39,5 ; 40,6 ; 39,4 ; NOP ; 
17/04/2020 ; 12:33:44 ; 165,8 ; 2000,0 ; -10,1 ; 41,0 ; 42,2 ; 39,5 ; 40,6 ; 39,4 ; NOP ; 
17/04/2020 ; 12:33:50 ; 165,8 ; 2000,0 ; -10,2 ; 41,1 ; 42,1 ; 39,4 ; 40,6 ; 39,4 ; NOP ; 
17/04/2020 ; 12:46:50 ; 165,8 ; 2000,0 ; -10,2 ; 40,6 ; 41,2 ; 38,9 ; 40,0 ; 39,0 ; NOP ; 
17/04/2020 ; 12:46:56 ; 165,8 ; 2000,0 ; -10,1 ; 40,5 ; 41,1 ; 38,9 ; 39,9 ; 38,9 ; NOP ; 
17/04/2020 ; 12:47:02 ; 165,8 ; 2000,0 ; -10,2 ; 40,5 ; 41,1 ; 38,8 ; 39,9 ; 38,8 ; NOP ; 
17/04/2020 ; 12:47:08 ; 165,8 ; 2000,0 ; -10,3 ; 40,5 ; 41,2 ; 38,8 ; 39,9 ; 38,8 ; NOP ; 
17/04/2020 ; 12:47:14 ; 165,8 ; 2000,0 ; -10,1 ; 40,6 ; 41,3 ; 38,9 ; 40,1 ; 38,9 ; NOP ; 
17/04/2020 ; 12:47:20 ; 165,8 ; 2000,0 ; -10,2 ; 40,8 ; 41,4 ; 39,1 ; 40,3 ; 39,0 ; NOP ; 
17/04/2020 ; 12:47:26 ; 165,8 ; 2000,0 ; -10,1 ; 40,8 ; 41,5 ; 39,2 ; 40,3 ; 39,0 ; NOP ; 
17/04/2020 ; 12:47:32 ; 165,8 ; 2000,0 ; -10,1 ; 41,0 ; 41,8 ; 39,4 ; 40,6 ; 39,2 ; NOP ; 
17/04/2020 ; 12:47:38 ; 165,8 ; 2000,0 ; -10,1 ; 41,2 ; 42,0 ; 39,6 ; 40,8 ; 39,3 ; NOP ; 
17/04/2020 ; 12:47:44 ; 165,8 ; 2000,0 ; -10,2 ; 41,5 ; 42,4 ; 39,8 ; 41,0 ; 39,5 ; NOP ; 
17/04/2020 ; 12:47:50 ; 165,8 ; 2000,0 ; -10,1 ; 42,0 ; 42,8 ; 40,1 ; 41,6 ; 39,9 ; NOP ; 
17/04/2020 ; 12:47:56 ; 165,8 ; 2000,0 ; -10,1 ; 42,0 ; 43,0 ; 40,2 ; 41,6 ; 39,9 ; NOP ; 
17/04/2020 ; 12:48:02 ; 165,8 ; 2000,0 ; -10,1 ; 42,1 ; 43,2 ; 40,3 ; 41,8 ; 39,9 ; NOP ; 
17/04/2020 ; 12:48:08 ; 165,8 ; 2000,0 ; -10,1 ; 42,1 ; 43,2 ; 40,4 ; 41,8 ; 40,0 ; NOP ; 
17/04/2020 ; 12:48:14 ; 165,8 ; 2000,0 ; -10,2 ; 42,4 ; 43,4 ; 40,4 ; 42,1 ; 40,1 ; NOP ; 
17/04/2020 ; 12:48:20 ; 165,8 ; 2000,0 ; -10,1 ; 42,8 ; 43,6 ; 40,9 ; 42,5 ; 40,3 ; NOP ; 
17/04/2020 ; 12:48:26 ; 165,8 ; 2000,0 ; -10,1 ; 42,9 ; 44,0 ; 41,0 ; 42,5 ; 40,6 ; NOP ; 
17/04/2020 ; 12:48:32 ; 165,8 ; 2000,0 ; -10,1 ; 42,9 ; 44,0 ; 41,0 ; 42,5 ; 40,6 ; NOP ; 
17/04/2020 ; 12:48:38 ; 165,8 ; 2000,0 ; -10,1 ; 42,9 ; 44,0 ; 41,0 ; 42,5 ; 40,7 ; NOP ; 
17/04/2020 ; 12:48:44 ; 166,1 ; 2000,0 ; -10,2 ; 42,8 ; 43,9 ; 41,0 ; 42,4 ; 40,6 ; NOP ; 
17/04/2020 ; 12:48:50 ; 165,8 ; 2000,0 ; -10,1 ; 42,8 ; 43,8 ; 41,0 ; 42,4 ; 40,6 ; NOP ; 
17/04/2020 ; 12:48:56 ; 165,8 ; 2000,0 ; -10,2 ; 42,6 ; 43,8 ; 40,9 ; 42,1 ; 40,6 ; NOP ; 
17/04/2020 ; 12:49:02 ; 165,8 ; 2000,0 ; -10,1 ; 42,5 ; 43,8 ; 40,9 ; 42,0 ; 40,5 ; NOP ; 
17/04/2020 ; 12:49:08 ; 165,8 ; 2000,0 ; -10,1 ; 42,5 ; 43,5 ; 40,8 ; 42,0 ; 40,4 ; NOP ; 
17/04/2020 ; 12:49:14 ; 165,8 ; 2000,0 ; -10,2 ; 42,6 ; 43,5 ; 40,7 ; 41,9 ; 40,4 ; NOP ; 
17/04/2020 ; 12:49:20 ; 165,8 ; 2000,0 ; -10,0 ; 42,3 ; 43,4 ; 40,6 ; 41,8 ; 40,4 ; NOP ; 
17/04/2020 ; 12:49:26 ; 165,8 ; 2000,0 ; -10,2 ; 42,2 ; 43,3 ; 40,6 ; 41,7 ; 40,4 ; NOP ; 
17/04/2020 ; 12:49:32 ; 166,1 ; 2000,0 ; -10,0 ; 42,1 ; 43,2 ; 40,5 ; 41,7 ; 40,3 ; NOP ; 
17/04/2020 ; 12:49:38 ; 166,1 ; 2000,0 ; -10,2 ; 42,1 ; 43,2 ; 40,5 ; 41,6 ; 40,2 ; NOP ; 
17/04/2020 ; 12:49:44 ; 165,8 ; 2000,0 ; -10,1 ; 42,1 ; 43,2 ; 40,4 ; 41,5 ; 40,2 ; NOP ; 
17/04/2020 ; 12:49:50 ; 165,8 ; 2000,0 ; -10,2 ; 42,1 ; 43,1 ; 40,4 ; 41,5 ; 40,2 ; NOP ; 
17/04/2020 ; 12:49:56 ; 165,8 ; 2000,0 ; -10,1 ; 42,0 ; 43,0 ; 40,4 ; 41,3 ; 40,1 ; NOP ; 
17/04/2020 ; 12:50:02 ; 166,1 ; 2000,0 ; -10,1 ; 41,9 ; 43,0 ; 40,2 ; 41,3 ; 40,0 ; NOP ; 
17/04/2020 ; 12:50:08 ; 166,1 ; 2000,0 ; -10,2 ; 41,7 ; 42,9 ; 40,1 ; 41,2 ; 39,9 ; NOP ; 
17/04/2020 ; 12:50:14 ; 165,8 ; 2000,0 ; -10,1 ; 41,7 ; 42,9 ; 40,1 ; 41,2 ; 39,9 ; NOP ; 
17/04/2020 ; 12:50:20 ; 165,8 ; 2000,0 ; -10,1 ; 41,8 ; 42,8 ; 40,0 ; 41,2 ; 39,9 ; NOP ; 
17/04/2020 ; 12:50:26 ; 165,8 ; 2000,0 ; -10,1 ; 41,8 ; 42,5 ; 40,0 ; 41,2 ; 39,9 ; NOP ; 
17/04/2020 ; 12:50:32 ; 165,8 ; 2000,0 ; -10,2 ; 41,7 ; 42,5 ; 40,0 ; 41,1 ; 39,9 ; NOP ; 
17/04/2020 ; 12:50:38 ; 165,8 ; 2000,0 ; -10,1 ; 41,7 ; 42,4 ; 39,9 ; 41,0 ; 39,7 ; NOP ; 
17/04/2020 ; 12:50:44 ; 166,1 ; 2000,0 ; -10,1 ; 41,8 ; 42,4 ; 39,9 ; 41,2 ; 39,8 ; NOP ; 
17/04/2020 ; 12:50:50 ; 165,8 ; 2000,0 ; -10,0 ; 41,8 ; 42,4 ; 39,9 ; 41,2 ; 39,8 ; NOP ; 
17/04/2020 ; 12:50:56 ; 165,8 ; 2000,0 ; -10,2 ; 41,8 ; 42,4 ; 39,9 ; 41,1 ; 39,8 ; NOP ; 
17/04/2020 ; 12:51:02 ; 166,1 ; 2000,0 ; -10,2 ; 41,7 ; 42,4 ; 39,9 ; 41,1 ; 39,8 ; NOP ; 
17/04/2020 ; 12:51:08 ; 165,8 ; 2000,0 ; -10,2 ; 41,7 ; 42,4 ; 39,9 ; 41,0 ; 39,8 ; NOP ; 
17/04/2020 ; 12:51:14 ; 165,8 ; 2000,0 ; -10,2 ; 41,6 ; 42,2 ; 39,8 ; 40,9 ; 39,8 ; NOP ; 
17/04/2020 ; 12:51:20 ; 166,1 ; 2000,0 ; -10,1 ; 41,6 ; 42,2 ; 39,8 ; 40,9 ; 39,8 ; NOP ; 
17/04/2020 ; 12:51:26 ; 166,1 ; 2000,0 ; -10,1 ; 41,5 ; 42,1 ; 39,8 ; 40,9 ; 39,7 ; NOP ; 
17/04/2020 ; 12:51:32 ; 165,8 ; 2000,0 ; -10,1 ; 41,5 ; 42,2 ; 39,8 ; 40,9 ; 39,7 ; NOP ; 
17/04/2020 ; 12:51:38 ; 165,8 ; 2000,0 ; -10,2 ; 41,5 ; 42,2 ; 39,7 ; 40,9 ; 39,7 ; NOP ; 
17/04/2020 ; 12:51:44 ; 166,1 ; 2000,0 ; -10,2 ; 41,4 ; 42,2 ; 39,6 ; 40,8 ; 39,7 ; NOP ; 
17/04/2020 ; 12:51:50 ; 165,8 ; 2000,0 ; -10,1 ; 41,5 ; 42,2 ; 39,6 ; 40,9 ; 39,7 ; NOP ; 
17/04/2020 ; 12:51:56 ; 165,8 ; 2000,0 ; -10,1 ; 41,3 ; 42,0 ; 39,5 ; 40,8 ; 39,6 ; NOP ; 
17/04/2020 ; 12:52:02 ; 165,8 ; 2000,0 ; -10,1 ; 41,3 ; 42,0 ; 39,5 ; 40,8 ; 39,6 ; NOP ; 
17/04/2020 ; 12:52:08 ; 165,8 ; 2000,0 ; -10,1 ; 41,4 ; 41,8 ; 39,5 ; 40,8 ; 39,5 ; NOP ; 
17/04/2020 ; 12:52:14 ; 165,8 ; 2000,0 ; -10,2 ; 41,3 ; 41,6 ; 39,5 ; 40,8 ; 39,4 ; NOP ; 
17/04/2020 ; 12:52:20 ; 166,1 ; 2000,0 ; -10,1 ; 41,3 ; 41,6 ; 39,5 ; 40,8 ; 39,4 ; NOP ; 
17/04/2020 ; 12:52:26 ; 165,8 ; 2000,0 ; -10,0 ; 41,2 ; 41,6 ; 39,4 ; 40,7 ; 39,4 ; NOP ; 
17/04/2020 ; 12:52:32 ; 165,8 ; 2000,0 ; -10,2 ; 41,2 ; 41,6 ; 39,4 ; 40,7 ; 39,3 ; NOP ; 
17/04/2020 ; 12:52:38 ; 165,8 ; 2000,0 ; -10,2 ; 41,2 ; 41,5 ; 39,5 ; 40,7 ; 39,3 ; NOP ; 
17/04/2020 ; 12:52:44 ; 165,8 ; 2000,0 ; -10,2 ; 41,1 ; 41,5 ; 39,4 ; 40,6 ; 39,2 ; NOP ; 
17/04/2020 ; 12:52:50 ; 165,8 ; 2000,0 ; -10,1 ; 41,0 ; 41,5 ; 39,4 ; 40,6 ; 39,2 ; NOP ; 
17/04/2020 ; 12:52:56 ; 166,1 ; 2000,0 ; -10,1 ; 41,0 ; 41,5 ; 39,4 ; 40,6 ; 39,2 ; NOP ; 
17/04/2020 ; 12:53:02 ; 166,1 ; 2000,0 ; -10,2 ; 41,0 ; 41,4 ; 39,4 ; 40,6 ; 39,2 ; NOP ; 
17/04/2020 ; 12:53:08 ; 165,8 ; 2000,0 ; -10,1 ; 41,0 ; 41,5 ; 39,4 ; 40,5 ; 39,2 ; NOP ; 
17/04/2020 ; 12:53:14 ; 165,8 ; 2000,0 ; -10,1 ; 41,0 ; 41,6 ; 39,3 ; 40,4 ; 39,2 ; NOP ; 
17/04/2020 ; 12:53:20 ; 165,8 ; 2000,0 ; -10,1 ; 41,0 ; 41,7 ; 39,3 ; 40,4 ; 39,2 ; NOP ; 
17/04/2020 ; 12:53:26 ; 168,0 ; 2000,0 ; -10,2 ; 41,0 ; 41,7 ; 39,3 ; 40,4 ; 39,2 ; NOP ; 
17/04/2020 ; 12:53:32 ; 165,8 ; 2000,0 ; -10,1 ; 40,9 ; 41,6 ; 39,2 ; 40,3 ; 39,2 ; NOP ; 
17/04/2020 ; 12:53:38 ; 165,8 ; 2000,0 ; -10,2 ; 41,0 ; 41,6 ; 39,2 ; 40,4 ; 39,1 ; NOP ; 
17/04/2020 ; 12:53:44 ; 165,8 ; 2000,0 ; -10,2 ; 41,0 ; 41,6 ; 39,1 ; 40,4 ; 39,2 ; NOP ; 
17/04/2020 ; 12:53:50 ; 165,8 ; 2000,0 ; -10,0 ; 41,0 ; 41,6 ; 39,1 ; 40,3 ; 39,2 ; NOP ; 
17/04/2020 ; 12:53:56 ; 165,8 ; 2000,0 ; -10,2 ; 41,0 ; 41,6 ; 39,1 ; 40,3 ; 39,2 ; NOP ; 
17/04/2020 ; 12:54:02 ; 165,8 ; 2000,0 ; -10,1 ; 40,9 ; 41,4 ; 39,1 ; 40,3 ; 39,1 ; NOP ; 
17/04/2020 ; 12:54:08 ; 165,8 ; 2000,0 ; -10,2 ; 40,9 ; 41,2 ; 39,1 ; 40,2 ; 39,0 ; NOP ; 
17/04/2020 ; 12:54:14 ; 166,1 ; 2000,0 ; -10,1 ; 40,9 ; 41,2 ; 39,1 ; 40,3 ; 39,0 ; NOP ; 
17/04/2020 ; 12:54:20 ; 165,8 ; 2000,0 ; -10,2 ; 40,9 ; 41,2 ; 39,1 ; 40,2 ; 39,0 ; NOP ; 
17/04/2020 ; 12:54:26 ; 165,8 ; 2000,0 ; -10,2 ; 40,8 ; 41,1 ; 39,0 ; 40,1 ; 39,0 ; NOP ; 
17/04/2020 ; 12:54:32 ; 165,8 ; 2000,0 ; -10,1 ; 40,8 ; 41,1 ; 39,0 ; 40,1 ; 39,0 ; NOP ; 
17/04/2020 ; 12:54:38 ; 165,8 ; 2000,0 ; -10,1 ; 40,8 ; 41,1 ; 39,0 ; 40,1 ; 39,0 ; NOP ; 
17/04/2020 ; 12:54:44 ; 165,8 ; 2000,0 ; -10,1 ; 40,8 ; 41,0 ; 39,0 ; 40,0 ; 38,9 ; NOP ; 
17/04/2020 ; 12:54:50 ; 165,8 ; 2000,0 ; -10,1 ; 40,7 ; 40,9 ; 39,0 ; 40,0 ; 38,8 ; NOP ; 
17/04/2020 ; 12:54:56 ; 165,8 ; 2000,0 ; -10,1 ; 40,7 ; 40,9 ; 39,0 ; 39,9 ; 38,8 ; NOP ; 
17/04/2020 ; 12:55:02 ; 165,8 ; 2000,0 ; -10,1 ; 40,8 ; 40,9 ; 39,1 ; 40,1 ; 38,8 ; NOP ; 
17/04/2020 ; 12:55:08 ; 165,8 ; 2000,0 ; -10,1 ; 40,9 ; 41,0 ; 39,2 ; 40,2 ; 38,9 ; NOP ; 
17/04/2020 ; 12:55:14 ; 165,8 ; 2000,0 ; -10,2 ; 41,2 ; 41,3 ; 39,4 ; 40,6 ; 39,1 ; NOP ; 
17/04/2020 ; 12:55:20 ; 165,8 ; 2000,0 ; -10,1 ; 41,2 ; 41,8 ; 39,6 ; 40,6 ; 39,3 ; NOP ; 
17/04/2020 ; 12:55:26 ; 165,8 ; 2000,0 ; -10,1 ; 41,5 ; 42,2 ; 40,0 ; 40,9 ; 39,6 ; NOP ; 
17/04/2020 ; 12:55:32 ; 165,8 ; 2000,0 ; -10,1 ; 41,6 ; 42,3 ; 40,1 ; 40,9 ; 39,7 ; NOP ; 
17/04/2020 ; 12:55:38 ; 165,8 ; 2000,0 ; -10,2 ; 41,7 ; 42,6 ; 40,2 ; 41,2 ; 39,7 ; NOP ; 
17/04/2020 ; 12:55:44 ; 166,1 ; 2000,0 ; -10,2 ; 41,7 ; 42,9 ; 40,2 ; 41,3 ; 39,7 ; NOP ; 
17/04/2020 ; 12:55:50 ; 165,8 ; 2000,0 ; -10,2 ; 41,9 ; 43,2 ; 40,4 ; 41,6 ; 39,8 ; NOP ; 
17/04/2020 ; 12:55:56 ; 165,8 ; 2000,0 ; -10,2 ; 42,3 ; 43,3 ; 40,6 ; 41,9 ; 39,9 ; NOP ; 
17/04/2020 ; 12:56:02 ; 165,8 ; 2000,0 ; -10,1 ; 42,5 ; 43,5 ; 40,7 ; 42,1 ; 40,0 ; NOP ; 
17/04/2020 ; 12:56:08 ; 166,1 ; 2000,0 ; -10,2 ; 42,6 ; 43,8 ; 40,9 ; 42,4 ; 40,2 ; NOP ; 
17/04/2020 ; 12:56:14 ; 165,8 ; 2000,0 ; -10,3 ; 42,8 ; 44,0 ; 41,1 ; 42,6 ; 40,4 ; NOP ; 
17/04/2020 ; 12:56:20 ; 165,8 ; 2000,0 ; -10,1 ; 43,0 ; 44,1 ; 41,2 ; 42,7 ; 40,5 ; NOP ; 
17/04/2020 ; 12:56:26 ; 165,8 ; 2000,0 ; -10,2 ; 43,2 ; 44,4 ; 41,3 ; 42,9 ; 40,7 ; NOP ; 
17/04/2020 ; 12:56:32 ; 166,1 ; 2000,0 ; -10,0 ; 43,3 ; 44,5 ; 41,4 ; 43,0 ; 40,8 ; NOP ; 
17/04/2020 ; 12:56:38 ; 165,8 ; 2000,0 ; -10,0 ; 43,3 ; 44,5 ; 41,5 ; 43,0 ; 40,9 ; NOP ; 
17/04/2020 ; 12:56:44 ; 168,6 ; 2000,0 ; -10,2 ; 43,3 ; 44,5 ; 41,5 ; 43,0 ; 40,9 ; NOP ; 
17/04/2020 ; 12:56:50 ; 165,8 ; 2000,0 ; -10,2 ; 43,3 ; 44,5 ; 41,4 ; 43,0 ; 40,9 ; NOP ; 
17/04/2020 ; 12:56:56 ; 165,8 ; 2000,0 ; -10,2 ; 43,3 ; 44,3 ; 41,5 ; 43,0 ; 40,9 ; NOP ; 
17/04/2020 ; 12:57:02 ; 165,8 ; 2000,0 ; -10,2 ; 43,2 ; 44,3 ; 41,4 ; 42,9 ; 40,9 ; NOP ; 
17/04/2020 ; 12:57:08 ; 165,8 ; 2000,0 ; -10,3 ; 43,1 ; 44,3 ; 41,3 ; 42,7 ; 40,9 ; NOP ; 
17/04/2020 ; 12:57:14 ; 165,8 ; 2000,0 ; -10,1 ; 43,0 ; 44,2 ; 41,3 ; 42,6 ; 40,9 ; NOP ; 
17/04/2020 ; 12:57:20 ; 166,1 ; 2000,0 ; -10,1 ; 42,9 ; 44,1 ; 41,2 ; 42,6 ; 40,8 ; NOP ; 
17/04/2020 ; 12:57:26 ; 165,8 ; 2000,0 ; -10,1 ; 42,8 ; 44,0 ; 41,2 ; 42,5 ; 40,8 ; NOP ; 
17/04/2020 ; 12:57:32 ; 165,8 ; 2000,0 ; -10,1 ; 42,8 ; 43,9 ; 41,2 ; 42,4 ; 40,8 ; NOP ; 
17/04/2020 ; 12:57:38 ; 165,8 ; 2000,0 ; -10,1 ; 42,6 ; 43,8 ; 41,0 ; 42,3 ; 40,8 ; NOP ; 
17/04/2020 ; 12:57:44 ; 165,8 ; 2000,0 ; -10,2 ; 42,5 ; 43,7 ; 40,9 ; 42,1 ; 40,6 ; NOP ; 
17/04/2020 ; 12:57:50 ; 165,8 ; 2000,0 ; -10,2 ; 42,4 ; 43,7 ; 40,9 ; 42,1 ; 40,6 ; NOP ; 
17/04/2020 ; 12:57:56 ; 165,8 ; 2000,0 ; -10,1 ; 42,4 ; 43,6 ; 40,9 ; 42,0 ; 40,6 ; NOP ; 
17/04/2020 ; 12:58:02 ; 166,1 ; 2000,0 ; -10,1 ; 42,4 ; 43,5 ; 40,8 ; 41,9 ; 40,5 ; NOP ; 
17/04/2020 ; 12:58:08 ; 165,8 ; 2000,0 ; -10,2 ; 42,3 ; 43,4 ; 40,8 ; 41,8 ; 40,4 ; NOP ; 
17/04/2020 ; 12:58:14 ; 168,3 ; 2000,0 ; -10,1 ; 42,3 ; 43,3 ; 40,7 ; 41,8 ; 40,3 ; NOP ; 
17/04/2020 ; 12:58:20 ; 166,1 ; 2000,0 ; -10,1 ; 42,3 ; 43,3 ; 40,7 ; 41,8 ; 40,3 ; NOP ; 
17/04/2020 ; 12:58:26 ; 166,1 ; 2000,0 ; -10,3 ; 42,3 ; 43,3 ; 40,6 ; 41,8 ; 40,3 ; NOP ; 
17/04/2020 ; 12:58:32 ; 165,8 ; 2000,0 ; -10,1 ; 42,3 ; 43,3 ; 40,6 ; 41,7 ; 40,3 ; NOP ; 
17/04/2020 ; 12:58:38 ; 166,1 ; 2000,0 ; -10,2 ; 42,2 ; 43,3 ; 40,6 ; 41,7 ; 40,2 ; NOP ; 
17/04/2020 ; 12:58:44 ; 165,8 ; 2000,0 ; -10,1 ; 42,1 ; 43,1 ; 40,4 ; 41,6 ; 40,1 ; NOP ; 
17/04/2020 ; 12:58:50 ; 165,8 ; 2000,0 ; -10,1 ; 42,1 ; 43,0 ; 40,4 ; 41,6 ; 40,1 ; NOP ; 
17/04/2020 ; 12:58:56 ; 166,1 ; 2000,0 ; -10,2 ; 42,1 ; 43,0 ; 40,4 ; 41,6 ; 40,1 ; NOP ; 
17/04/2020 ; 12:59:02 ; 165,8 ; 2000,0 ; -10,2 ; 42,1 ; 42,9 ; 40,3 ; 41,5 ; 40,1 ; NOP ; 
17/04/2020 ; 12:59:08 ; 165,8 ; 2000,0 ; -10,2 ; 41,9 ; 42,8 ; 40,3 ; 41,3 ; 40,1 ; NOP ; 
17/04/2020 ; 12:59:14 ; 165,8 ; 2000,0 ; -10,1 ; 41,8 ; 42,8 ; 40,3 ; 41,3 ; 40,0 ; NOP ; 
17/04/2020 ; 12:59:20 ; 166,1 ; 2000,0 ; -10,2 ; 41,7 ; 42,8 ; 40,2 ; 41,2 ; 39,9 ; NOP ; 
17/04/2020 ; 12:59:26 ; 165,8 ; 2000,0 ; -10,1 ; 41,6 ; 42,7 ; 40,1 ; 41,2 ; 39,9 ; NOP ; 
17/04/2020 ; 13:12:26 ; 166,1 ; 2000,0 ; -10,2 ; 41,0 ; 41,6 ; 39,2 ; 40,6 ; 39,2 ; NOP ; 
17/04/2020 ; 13:12:32 ; 166,1 ; 2000,0 ; -10,1 ; 41,0 ; 41,6 ; 39,2 ; 40,6 ; 39,2 ; NOP ; 
17/04/2020 ; 13:12:38 ; 165,8 ; 2000,0 ; -10,1 ; 41,0 ; 41,5 ; 39,2 ; 40,5 ; 39,2 ; NOP ; 
17/04/2020 ; 13:12:44 ; 165,8 ; 2000,0 ; -10,1 ; 41,0 ; 41,5 ; 39,2 ; 40,4 ; 39,2 ; NOP ; 
17/04/2020 ; 13:12:50 ; 168,6 ; 2000,0 ; -10,2 ; 41,1 ; 41,5 ; 39,2 ; 40,5 ; 39,2 ; NOP ; 
17/04/2020 ; 13:12:56 ; 165,8 ; 2000,0 ; -10,3 ; 41,0 ; 41,6 ; 39,2 ; 40,3 ; 39,2 ; NOP ; 
17/04/2020 ; 13:13:02 ; 165,8 ; 2000,0 ; -10,3 ; 40,9 ; 41,5 ; 39,2 ; 40,3 ; 39,1 ; NOP ; 
17/04/2020 ; 13:13:08 ; 165,8 ; 2000,0 ; -10,2 ; 40,8 ; 41,5 ; 39,2 ; 40,3 ; 39,1 ; NOP ; 
17/04/2020 ; 13:13:14 ; 165,8 ; 2000,0 ; -10,2 ; 40,8 ; 41,5 ; 39,2 ; 40,3 ; 39,1 ; NOP ; 
17/04/2020 ; 13:13:20 ; 166,1 ; 2000,0 ; -10,2 ; 40,8 ; 41,5 ; 39,1 ; 40,3 ; 39,1 ; NOP ; 
17/04/2020 ; 13:13:26 ; 166,1 ; 2000,0 ; -10,0 ; 40,8 ; 41,5 ; 39,1 ; 40,3 ; 39,0 ; NOP ; 
17/04/2020 ; 13:13:32 ; 165,8 ; 2000,0 ; -10,0 ; 40,9 ; 41,3 ; 39,1 ; 40,3 ; 39,0 ; NOP ; 
17/04/2020 ; 13:13:38 ; 165,8 ; 2000,0 ; -10,1 ; 40,9 ; 41,3 ; 39,1 ; 40,3 ; 39,0 ; NOP ; 
17/04/2020 ; 13:13:44 ; 165,8 ; 2000,0 ; -10,1 ; 41,0 ; 41,3 ; 39,2 ; 40,3 ; 39,1 ; NOP ; 
17/04/2020 ; 13:13:50 ; 165,8 ; 2000,0 ; -10,2 ; 41,0 ; 41,3 ; 39,2 ; 40,3 ; 39,1 ; NOP ; 
17/04/2020 ; 13:13:56 ; 165,8 ; 2000,0 ; -10,1 ; 41,0 ; 41,2 ; 39,2 ; 40,1 ; 39,2 ; NOP ; 
17/04/2020 ; 13:14:02 ; 165,8 ; 2000,0 ; -10,1 ; 40,9 ; 41,2 ; 39,2 ; 39,9 ; 39,2 ; NOP ; 
17/04/2020 ; 13:14:08 ; 165,8 ; 2000,0 ; -10,1 ; 40,9 ; 41,2 ; 39,1 ; 40,0 ; 39,2 ; NOP ; 
17/04/2020 ; 13:14:14 ; 165,8 ; 2000,0 ; -10,2 ; 40,9 ; 41,3 ; 39,1 ; 40,0 ; 39,2 ; NOP ; 
17/04/2020 ; 13:14:20 ; 165,8 ; 2000,0 ; -10,3 ; 40,9 ; 41,3 ; 39,1 ; 40,0 ; 39,2 ; NOP ; 
17/04/2020 ; 13:14:26 ; 165,8 ; 2000,0 ; -10,2 ; 40,9 ; 41,2 ; 39,1 ; 40,1 ; 39,1 ; NOP ; 
17/04/2020 ; 13:14:32 ; 165,8 ; 2000,0 ; -10,1 ; 40,9 ; 41,1 ; 39,1 ; 40,0 ; 39,1 ; NOP ; 
17/04/2020 ; 13:14:38 ; 165,8 ; 2000,0 ; -10,2 ; 40,9 ; 41,1 ; 39,1 ; 40,0 ; 39,1 ; NOP ; 
17/04/2020 ; 13:14:44 ; 166,1 ; 2000,0 ; -10,1 ; 40,8 ; 41,1 ; 39,2 ; 39,9 ; 39,2 ; NOP ; 
17/04/2020 ; 13:14:50 ; 165,8 ; 2000,0 ; -10,2 ; 40,8 ; 41,1 ; 39,1 ; 39,9 ; 39,2 ; NOP ; 
17/04/2020 ; 13:14:56 ; 165,8 ; 2000,0 ; -10,2 ; 40,8 ; 41,0 ; 39,1 ; 39,9 ; 39,0 ; NOP ; 
17/04/2020 ; 13:15:02 ; 165,8 ; 2000,0 ; -10,0 ; 40,6 ; 41,1 ; 39,1 ; 39,9 ; 39,0 ; NOP ; 
17/04/2020 ; 13:15:08 ; 166,1 ; 2000,0 ; -10,1 ; 40,5 ; 41,1 ; 39,1 ; 39,8 ; 38,9 ; NOP ; 
17/04/2020 ; 13:15:14 ; 165,8 ; 2000,0 ; -10,1 ; 40,4 ; 41,2 ; 39,1 ; 39,8 ; 38,9 ; NOP ; 
17/04/2020 ; 13:15:20 ; 165,8 ; 2000,0 ; -10,2 ; 40,4 ; 41,2 ; 39,1 ; 39,8 ; 38,9 ; NOP ; 
17/04/2020 ; 13:15:26 ; 166,1 ; 2000,0 ; -10,1 ; 40,5 ; 41,2 ; 39,1 ; 40,0 ; 38,9 ; NOP ; 
17/04/2020 ; 13:15:32 ; 166,1 ; 2000,0 ; -10,1 ; 40,8 ; 41,2 ; 39,3 ; 40,3 ; 39,0 ; NOP ; 
17/04/2020 ; 13:15:38 ; 166,1 ; 2000,0 ; -10,2 ; 40,9 ; 41,3 ; 39,3 ; 40,3 ; 39,1 ; NOP ; 
17/04/2020 ; 13:15:44 ; 168,0 ; 2000,0 ; -10,2 ; 41,2 ; 41,7 ; 39,4 ; 40,7 ; 39,2 ; NOP ; 
17/04/2020 ; 13:15:50 ; 166,1 ; 2000,0 ; -10,1 ; 41,2 ; 41,8 ; 39,5 ; 40,8 ; 39,3 ; NOP ; 
17/04/2020 ; 13:15:56 ; 165,8 ; 2000,0 ; -10,1 ; 41,5 ; 42,3 ; 39,8 ; 40,9 ; 39,5 ; NOP ; 
17/04/2020 ; 13:16:02 ; 165,8 ; 2000,0 ; -10,1 ; 41,8 ; 42,6 ; 40,1 ; 41,3 ; 39,7 ; NOP ; 
17/04/2020 ; 13:16:08 ; 165,8 ; 2000,0 ; -10,1 ; 41,8 ; 42,6 ; 40,2 ; 41,4 ; 39,8 ; NOP ; 
17/04/2020 ; 13:16:14 ; 169,0 ; 2000,0 ; -10,1 ; 41,9 ; 43,2 ; 40,4 ; 41,6 ; 39,9 ; NOP ; 
17/04/2020 ; 13:16:20 ; 166,1 ; 2000,0 ; -10,1 ; 42,1 ; 43,3 ; 40,4 ; 41,6 ; 40,0 ; NOP ; 
17/04/2020 ; 13:16:26 ; 165,8 ; 2000,0 ; -10,2 ; 42,3 ; 43,6 ; 40,5 ; 41,8 ; 40,1 ; NOP ; 
17/04/2020 ; 13:16:32 ; 165,8 ; 2000,0 ; -10,1 ; 42,6 ; 43,8 ; 40,7 ; 42,3 ; 40,3 ; NOP ; 
17/04/2020 ; 13:16:38 ; 165,8 ; 2000,0 ; -10,1 ; 42,6 ; 43,8 ; 40,8 ; 42,4 ; 40,3 ; NOP ; 
17/04/2020 ; 13:16:44 ; 165,8 ; 2000,0 ; -10,2 ; 42,9 ; 44,0 ; 41,0 ; 42,6 ; 40,4 ; NOP ; 
17/04/2020 ; 13:16:50 ; 166,1 ; 2000,0 ; -10,2 ; 43,0 ; 44,0 ; 41,2 ; 42,7 ; 40,4 ; NOP ; 
17/04/2020 ; 13:16:56 ; 165,8 ; 2000,0 ; -10,2 ; 43,2 ; 44,1 ; 41,3 ; 42,8 ; 40,6 ; NOP ; 
17/04/2020 ; 13:17:02 ; 165,8 ; 2000,0 ; -10,4 ; 43,1 ; 44,0 ; 41,3 ; 42,7 ; 40,7 ; NOP ; 
17/04/2020 ; 13:17:08 ; 165,8 ; 2000,0 ; -10,2 ; 43,1 ; 44,1 ; 41,3 ; 42,7 ; 40,7 ; NOP ; 
17/04/2020 ; 13:17:14 ; 165,8 ; 2000,0 ; -10,0 ; 43,0 ; 44,0 ; 41,2 ; 42,6 ; 40,7 ; NOP ; 
17/04/2020 ; 13:17:20 ; 166,1 ; 2000,0 ; -10,2 ; 42,8 ; 44,0 ; 41,2 ; 42,5 ; 40,7 ; NOP ; 
17/04/2020 ; 13:17:26 ; 166,1 ; 2000,0 ; -10,1 ; 42,8 ; 43,9 ; 41,2 ; 42,4 ; 40,6 ; NOP ; 
17/04/2020 ; 13:17:32 ; 165,8 ; 2000,0 ; -10,1 ; 42,7 ; 43,8 ; 41,0 ; 42,3 ; 40,6 ; NOP ; 
17/04/2020 ; 13:17:38 ; 166,1 ; 2000,0 ; -10,2 ; 42,7 ; 43,7 ; 41,0 ; 42,3 ; 40,6 ; NOP ; 
17/04/2020 ; 13:17:44 ; 165,8 ; 2000,0 ; -10,1 ; 42,5 ; 43,7 ; 40,9 ; 42,1 ; 40,5 ; NOP ; 
17/04/2020 ; 13:17:50 ; 165,8 ; 2000,0 ; -10,2 ; 42,4 ; 43,6 ; 40,8 ; 41,9 ; 40,4 ; NOP ; 
17/04/2020 ; 13:17:56 ; 166,1 ; 2000,0 ; -10,3 ; 42,4 ; 43,5 ; 40,8 ; 41,9 ; 40,4 ; NOP ; 
17/04/2020 ; 13:18:02 ; 165,8 ; 2000,0 ; -10,1 ; 42,4 ; 43,4 ; 40,8 ; 41,9 ; 40,4 ; NOP ; 
17/04/2020 ; 13:18:08 ; 165,8 ; 2000,0 ; -10,2 ; 42,4 ; 43,3 ; 40,8 ; 41,9 ; 40,4 ; NOP ; 
17/04/2020 ; 13:18:14 ; 165,8 ; 2000,0 ; -10,1 ; 42,4 ; 43,3 ; 40,7 ; 41,9 ; 40,3 ; NOP ; 
17/04/2020 ; 13:18:20 ; 165,8 ; 2000,0 ; -10,3 ; 42,4 ; 43,3 ; 40,6 ; 41,8 ; 40,3 ; NOP ; 
17/04/2020 ; 13:18:26 ; 166,1 ; 2000,0 ; -10,2 ; 42,2 ; 43,2 ; 40,6 ; 41,7 ; 40,3 ; NOP ; 
17/04/2020 ; 13:18:32 ; 165,8 ; 2000,0 ; -10,2 ; 42,1 ; 43,2 ; 40,4 ; 41,6 ; 40,2 ; NOP ; 
17/04/2020 ; 13:18:38 ; 165,8 ; 2000,0 ; -10,2 ; 42,0 ; 43,1 ; 40,4 ; 41,6 ; 40,1 ; NOP ; 
17/04/2020 ; 13:18:44 ; 165,8 ; 2000,0 ; -10,1 ; 42,1 ; 43,1 ; 40,4 ; 41,6 ; 40,1 ; NOP ; 
17/04/2020 ; 13:18:50 ; 165,8 ; 2000,0 ; -10,1 ; 42,0 ; 43,1 ; 40,4 ; 41,6 ; 40,1 ; NOP ; 
17/04/2020 ; 13:18:56 ; 165,8 ; 2000,0 ; -10,2 ; 42,0 ; 43,0 ; 40,3 ; 41,6 ; 40,0 ; NOP ; 
17/04/2020 ; 13:19:02 ; 165,8 ; 2000,0 ; -10,2 ; 41,9 ; 43,0 ; 40,3 ; 41,5 ; 40,0 ; NOP ; 
17/04/2020 ; 13:19:08 ; 165,8 ; 2000,0 ; -10,1 ; 41,9 ; 42,9 ; 40,3 ; 41,5 ; 40,0 ; NOP ; 
17/04/2020 ; 13:19:14 ; 165,8 ; 2000,0 ; -10,2 ; 41,8 ; 42,8 ; 40,3 ; 41,3 ; 39,9 ; NOP ; 
17/04/2020 ; 13:19:20 ; 165,8 ; 2000,0 ; -10,2 ; 41,8 ; 42,6 ; 40,3 ; 41,2 ; 39,9 ; NOP ; 
17/04/2020 ; 13:19:26 ; 165,8 ; 2000,0 ; -10,2 ; 41,8 ; 42,6 ; 40,2 ; 41,2 ; 39,9 ; NOP ; 
17/04/2020 ; 13:19:32 ; 166,1 ; 2000,0 ; -10,1 ; 41,8 ; 42,6 ; 40,2 ; 41,1 ; 39,8 ; NOP ; 
17/04/2020 ; 13:19:38 ; 165,8 ; 2000,0 ; -10,1 ; 41,8 ; 42,5 ; 40,1 ; 41,0 ; 39,8 ; NOP ; 
17/04/2020 ; 13:19:44 ; 165,8 ; 2000,0 ; -10,2 ; 41,8 ; 42,4 ; 40,2 ; 41,0 ; 39,8 ; NOP ; 
17/04/2020 ; 13:19:50 ; 165,8 ; 2000,0 ; -10,0 ; 41,8 ; 42,3 ; 40,2 ; 40,9 ; 39,8 ; NOP ; 
17/04/2020 ; 13:19:56 ; 165,8 ; 2000,0 ; -10,2 ; 41,9 ; 42,3 ; 40,1 ; 40,9 ; 39,8 ; NOP ; 
17/04/2020 ; 13:20:02 ; 165,8 ; 2000,0 ; -10,0 ; 41,9 ; 42,1 ; 40,1 ; 40,9 ; 39,9 ; NOP ; 
17/04/2020 ; 13:20:08 ; 165,8 ; 2000,0 ; -10,1 ; 41,9 ; 42,1 ; 40,1 ; 41,0 ; 39,9 ; NOP ; 
17/04/2020 ; 13:20:14 ; 165,8 ; 2000,0 ; -10,1 ; 41,9 ; 42,1 ; 40,1 ; 41,0 ; 39,9 ; NOP ; 
17/04/2020 ; 13:20:20 ; 165,8 ; 2000,0 ; -10,2 ; 42,0 ; 42,2 ; 40,1 ; 41,1 ; 40,0 ; NOP ; 
17/04/2020 ; 13:20:26 ; 166,1 ; 2000,0 ; -10,1 ; 41,9 ; 42,1 ; 40,1 ; 41,1 ; 40,0 ; NOP ; 
17/04/2020 ; 13:20:32 ; 165,8 ; 2000,0 ; -10,1 ; 41,8 ; 42,1 ; 40,0 ; 41,0 ; 40,0 ; NOP ; 
17/04/2020 ; 13:20:38 ; 165,8 ; 2000,0 ; -10,1 ; 41,7 ; 42,2 ; 40,0 ; 41,0 ; 39,9 ; NOP ; 
17/04/2020 ; 13:20:44 ; 165,8 ; 2000,0 ; -10,2 ; 41,5 ; 42,2 ; 39,9 ; 40,9 ; 39,9 ; NOP ; 
17/04/2020 ; 13:20:50 ; 165,8 ; 2000,0 ; -10,2 ; 41,5 ; 42,1 ; 39,9 ; 40,9 ; 39,8 ; NOP ; 
17/04/2020 ; 13:20:56 ; 165,8 ; 2000,0 ; -10,1 ; 41,4 ; 42,2 ; 39,8 ; 40,9 ; 39,7 ; NOP ; 
17/04/2020 ; 13:21:02 ; 165,8 ; 2000,0 ; -10,0 ; 41,4 ; 42,1 ; 39,8 ; 40,9 ; 39,7 ; NOP ; 
17/04/2020 ; 13:21:08 ; 165,8 ; 2000,0 ; -10,2 ; 41,3 ; 42,1 ; 39,7 ; 40,9 ; 39,7 ; NOP ; 
17/04/2020 ; 13:21:14 ; 165,8 ; 2000,0 ; -10,1 ; 41,2 ; 42,1 ; 39,7 ; 40,8 ; 39,6 ; NOP ; 
17/04/2020 ; 13:21:20 ; 165,8 ; 2000,0 ; -10,1 ; 41,2 ; 42,1 ; 39,7 ; 40,8 ; 39,5 ; NOP ; 
17/04/2020 ; 13:21:26 ; 166,1 ; 2000,0 ; -10,2 ; 41,2 ; 42,1 ; 39,6 ; 40,7 ; 39,5 ; NOP ; 
17/04/2020 ; 13:21:32 ; 165,8 ; 2000,0 ; -10,3 ; 41,2 ; 42,0 ; 39,6 ; 40,7 ; 39,5 ; NOP ; 
17/04/2020 ; 13:21:38 ; 165,8 ; 2000,0 ; -10,1 ; 41,3 ; 42,0 ; 39,6 ; 40,7 ; 39,6 ; NOP ; 
17/04/2020 ; 13:21:44 ; 165,8 ; 2000,0 ; -10,1 ; 41,2 ; 41,9 ; 39,6 ; 40,6 ; 39,5 ; NOP ; 
17/04/2020 ; 13:21:50 ; 166,1 ; 2000,0 ; -10,1 ; 41,2 ; 41,8 ; 39,6 ; 40,7 ; 39,4 ; NOP ; 
17/04/2020 ; 13:21:56 ; 165,8 ; 2000,0 ; -10,1 ; 41,2 ; 41,7 ; 39,5 ; 40,6 ; 39,4 ; NOP ; 
17/04/2020 ; 13:22:02 ; 165,8 ; 2000,0 ; -10,3 ; 41,2 ; 41,6 ; 39,4 ; 40,6 ; 39,3 ; NOP ; 
17/04/2020 ; 13:22:08 ; 166,1 ; 2000,0 ; -10,3 ; 41,2 ; 41,6 ; 39,4 ; 40,6 ; 39,3 ; NOP ; 
17/04/2020 ; 13:22:14 ; 165,8 ; 2000,0 ; -10,1 ; 41,2 ; 41,6 ; 39,4 ; 40,4 ; 39,4 ; NOP ; 
17/04/2020 ; 13:22:20 ; 165,8 ; 2000,0 ; -10,2 ; 41,1 ; 41,6 ; 39,4 ; 40,4 ; 39,2 ; NOP ; 
17/04/2020 ; 13:22:26 ; 165,8 ; 2000,0 ; -10,1 ; 41,1 ; 41,6 ; 39,4 ; 40,4 ; 39,2 ; NOP ; 
17/04/2020 ; 13:22:32 ; 165,8 ; 2000,0 ; -10,2 ; 41,0 ; 41,6 ; 39,4 ; 40,3 ; 39,2 ; NOP ; 
17/04/2020 ; 13:22:38 ; 166,1 ; 2000,0 ; -10,1 ; 41,1 ; 41,6 ; 39,4 ; 40,3 ; 39,2 ; NOP ; 
17/04/2020 ; 13:22:44 ; 165,8 ; 2000,0 ; -10,1 ; 41,1 ; 41,7 ; 39,4 ; 40,3 ; 39,2 ; NOP ; 
17/04/2020 ; 13:22:50 ; 169,6 ; 2000,0 ; -10,1 ; 41,0 ; 41,5 ; 39,3 ; 40,3 ; 39,1 ; NOP ; 
17/04/2020 ; 13:22:56 ; 166,1 ; 2000,0 ; -10,2 ; 41,0 ; 41,5 ; 39,3 ; 40,3 ; 39,1 ; NOP ; 
17/04/2020 ; 13:23:02 ; 165,8 ; 2000,0 ; -10,1 ; 41,0 ; 41,5 ; 39,3 ; 40,4 ; 39,1 ; NOP ; 
17/04/2020 ; 13:23:08 ; 165,8 ; 2000,0 ; -10,2 ; 41,0 ; 41,4 ; 39,3 ; 40,4 ; 39,1 ; NOP ; 
17/04/2020 ; 13:23:14 ; 166,1 ; 2000,0 ; -10,1 ; 41,0 ; 41,3 ; 39,3 ; 40,4 ; 39,1 ; NOP ; 
17/04/2020 ; 13:23:20 ; 166,1 ; 2000,0 ; -10,1 ; 40,9 ; 41,4 ; 39,2 ; 40,4 ; 39,0 ; NOP ; 
17/04/2020 ; 13:23:26 ; 165,8 ; 2000,0 ; -10,0 ; 40,9 ; 41,5 ; 39,2 ; 40,3 ; 39,0 ; NOP ; 
17/04/2020 ; 13:23:32 ; 165,8 ; 2000,0 ; -10,2 ; 40,9 ; 41,6 ; 39,2 ; 40,3 ; 38,9 ; NOP ; 
17/04/2020 ; 13:23:38 ; 165,8 ; 2000,0 ; -10,2 ; 41,0 ; 41,6 ; 39,2 ; 40,3 ; 39,0 ; NOP ; 
17/04/2020 ; 13:23:44 ; 165,8 ; 2000,0 ; -10,2 ; 41,0 ; 41,6 ; 39,3 ; 40,4 ; 39,0 ; NOP ; 
17/04/2020 ; 13:23:50 ; 165,8 ; 2000,0 ; -10,0 ; 41,4 ; 41,7 ; 39,6 ; 40,8 ; 39,2 ; NOP ; 
17/04/2020 ; 13:23:56 ; 165,8 ; 2000,0 ; -10,2 ; 41,5 ; 41,8 ; 39,7 ; 40,9 ; 39,4 ; NOP ; 
17/04/2020 ; 13:24:02 ; 165,8 ; 2000,0 ; -10,1 ; 41,7 ; 41,8 ; 39,9 ; 41,0 ; 39,6 ; NOP ; 
17/04/2020 ; 13:24:08 ; 169,6 ; 2000,0 ; -10,1 ; 41,9 ; 42,1 ; 40,1 ; 41,1 ; 39,7 ; NOP ; 
17/04/2020 ; 13:24:14 ; 165,8 ; 2000,0 ; -10,2 ; 42,1 ; 42,5 ; 40,4 ; 41,4 ; 39,9 ; NOP ; 
17/04/2020 ; 13:24:20 ; 165,8 ; 2000,0 ; -10,1 ; 42,3 ; 42,8 ; 40,6 ; 41,7 ; 39,9 ; NOP ; 
17/04/2020 ; 13:24:26 ; 166,1 ; 2000,0 ; -10,1 ; 42,3 ; 43,1 ; 40,7 ; 41,9 ; 40,0 ; NOP ; 
17/04/2020 ; 13:24:32 ; 165,8 ; 2000,0 ; -10,1 ; 42,4 ; 43,3 ; 40,7 ; 41,9 ; 40,0 ; NOP ; 
17/04/2020 ; 13:24:38 ; 165,8 ; 2000,0 ; -10,2 ; 42,5 ; 43,4 ; 40,7 ; 42,1 ; 40,1 ; NOP ; 
17/04/2020 ; 13:24:44 ; 165,8 ; 2000,0 ; -10,1 ; 42,6 ; 43,7 ; 40,9 ; 42,4 ; 40,3 ; NOP ; 
17/04/2020 ; 13:24:50 ; 165,8 ; 2000,0 ; -10,2 ; 42,6 ; 43,7 ; 40,9 ; 42,4 ; 40,3 ; NOP ; 
17/04/2020 ; 13:24:56 ; 166,1 ; 2000,0 ; -10,2 ; 42,7 ; 43,8 ; 41,0 ; 42,5 ; 40,4 ; NOP ; 
17/04/2020 ; 13:25:02 ; 165,8 ; 2000,0 ; -10,2 ; 42,7 ; 43,9 ; 41,1 ; 42,4 ; 40,4 ; NOP ; 
17/04/2020 ; 13:38:02 ; 166,1 ; 2000,0 ; -10,1 ; 41,2 ; 42,1 ; 39,6 ; 40,5 ; 39,2 ; NOP ; 
17/04/2020 ; 13:38:08 ; 165,8 ; 2000,0 ; -10,2 ; 41,2 ; 42,1 ; 39,5 ; 40,4 ; 39,2 ; NOP ; 
17/04/2020 ; 13:38:14 ; 165,8 ; 2000,0 ; -10,3 ; 41,2 ; 42,1 ; 39,4 ; 40,6 ; 39,2 ; NOP ; 
17/04/2020 ; 13:38:20 ; 165,8 ; 2000,0 ; -10,2 ; 41,1 ; 42,1 ; 39,4 ; 40,6 ; 39,2 ; NOP ; 
17/04/2020 ; 13:38:26 ; 165,8 ; 2000,0 ; -10,1 ; 41,1 ; 42,1 ; 39,4 ; 40,5 ; 39,2 ; NOP ; 
17/04/2020 ; 13:38:32 ; 166,1 ; 2000,0 ; -10,2 ; 41,0 ; 42,1 ; 39,4 ; 40,4 ; 39,2 ; NOP ; 
17/04/2020 ; 13:38:38 ; 165,8 ; 2000,0 ; -10,0 ; 41,1 ; 42,1 ; 39,3 ; 40,4 ; 39,2 ; NOP ; 
17/04/2020 ; 13:38:44 ; 165,8 ; 2000,0 ; -10,1 ; 41,0 ; 42,1 ; 39,3 ; 40,4 ; 39,2 ; NOP ; 
17/04/2020 ; 13:38:50 ; 165,8 ; 2000,0 ; -10,1 ; 41,0 ; 42,1 ; 39,3 ; 40,4 ; 39,2 ; NOP ; 
17/04/2020 ; 13:38:56 ; 165,8 ; 2000,0 ; -10,2 ; 40,9 ; 42,1 ; 39,3 ; 40,3 ; 39,2 ; NOP ; 
17/04/2020 ; 13:39:02 ; 165,8 ; 2000,0 ; -10,1 ; 40,9 ; 41,9 ; 39,4 ; 40,3 ; 39,1 ; NOP ; 
17/04/2020 ; 13:39:08 ; 165,8 ; 2000,0 ; -10,1 ; 40,9 ; 41,9 ; 39,3 ; 40,3 ; 39,1 ; NOP ; 
17/04/2020 ; 13:39:14 ; 165,8 ; 2000,0 ; -10,1 ; 40,9 ; 41,8 ; 39,3 ; 40,3 ; 39,0 ; NOP ; 
17/04/2020 ; 13:39:20 ; 166,1 ; 2000,0 ; -10,1 ; 40,9 ; 41,9 ; 39,3 ; 40,3 ; 39,0 ; NOP ; 
17/04/2020 ; 13:39:26 ; 166,1 ; 2000,0 ; -10,1 ; 41,0 ; 41,9 ; 39,2 ; 40,4 ; 39,0 ; NOP ; 
17/04/2020 ; 13:39:32 ; 165,8 ; 2000,0 ; -10,1 ; 40,9 ; 41,8 ; 39,2 ; 40,4 ; 39,0 ; NOP ; 
17/04/2020 ; 13:39:38 ; 165,8 ; 2000,0 ; -10,2 ; 40,9 ; 41,7 ; 39,3 ; 40,4 ; 39,0 ; NOP ; 
17/04/2020 ; 13:39:44 ; 165,8 ; 2000,0 ; -10,2 ; 40,9 ; 41,7 ; 39,3 ; 40,3 ; 38,9 ; NOP ; 
17/04/2020 ; 13:39:50 ; 165,8 ; 2000,0 ; -10,1 ; 40,7 ; 41,7 ; 39,2 ; 40,3 ; 38,9 ; NOP ; 
17/04/2020 ; 13:39:56 ; 165,8 ; 2000,0 ; -10,2 ; 41,0 ; 41,6 ; 39,2 ; 40,4 ; 38,9 ; NOP ; 
17/04/2020 ; 13:40:02 ; 165,8 ; 2000,0 ; -10,1 ; 41,0 ; 41,6 ; 39,3 ; 40,5 ; 38,9 ; NOP ; 
17/04/2020 ; 13:40:08 ; 165,8 ; 2000,0 ; -10,1 ; 41,3 ; 41,7 ; 39,6 ; 40,8 ; 39,0 ; NOP ; 
17/04/2020 ; 13:40:14 ; 165,8 ; 2000,0 ; -10,1 ; 41,4 ; 41,8 ; 39,7 ; 40,9 ; 39,2 ; NOP ; 
17/04/2020 ; 13:40:20 ; 166,1 ; 2000,0 ; -10,1 ; 41,5 ; 41,9 ; 39,9 ; 40,9 ; 39,2 ; NOP ; 
17/04/2020 ; 13:40:26 ; 166,1 ; 2000,0 ; -10,1 ; 41,8 ; 42,3 ; 40,2 ; 41,3 ; 39,4 ; NOP ; 
17/04/2020 ; 13:40:32 ; 165,8 ; 2000,0 ; -10,1 ; 41,9 ; 42,6 ; 40,4 ; 41,4 ; 39,6 ; NOP ; 
17/04/2020 ; 13:40:38 ; 165,8 ; 2000,0 ; -10,2 ; 41,9 ; 43,0 ; 40,5 ; 41,6 ; 39,7 ; NOP ; 
17/04/2020 ; 13:40:44 ; 165,8 ; 2000,0 ; -10,1 ; 42,1 ; 43,3 ; 40,6 ; 41,8 ; 39,8 ; NOP ; 
17/04/2020 ; 13:40:50 ; 165,8 ; 2000,0 ; -10,2 ; 42,3 ; 43,6 ; 40,7 ; 41,9 ; 39,9 ; NOP ; 
17/04/2020 ; 13:40:56 ; 165,8 ; 2000,0 ; -10,2 ; 42,5 ; 43,9 ; 40,8 ; 42,1 ; 40,1 ; NOP ; 
17/04/2020 ; 13:41:02 ; 166,1 ; 2000,0 ; -10,1 ; 42,6 ; 44,1 ; 40,8 ; 42,3 ; 40,2 ; NOP ; 
17/04/2020 ; 13:41:08 ; 165,8 ; 2000,0 ; -10,2 ; 42,8 ; 44,3 ; 41,0 ; 42,5 ; 40,4 ; NOP ; 
17/04/2020 ; 13:41:14 ; 169,3 ; 2000,0 ; -10,1 ; 43,1 ; 44,4 ; 41,3 ; 42,8 ; 40,6 ; NOP ; 
17/04/2020 ; 13:41:20 ; 165,8 ; 2000,0 ; -10,2 ; 43,3 ; 44,4 ; 41,6 ; 43,0 ; 40,8 ; NOP ; 
17/04/2020 ; 13:41:26 ; 165,8 ; 2000,0 ; -10,3 ; 43,4 ; 44,3 ; 41,6 ; 43,0 ; 40,8 ; NOP ; 
17/04/2020 ; 13:41:32 ; 165,8 ; 2000,0 ; -10,1 ; 43,5 ; 44,3 ; 41,6 ; 43,0 ; 40,8 ; NOP ; 
17/04/2020 ; 13:41:38 ; 166,1 ; 2000,0 ; -10,2 ; 43,5 ; 44,3 ; 41,6 ; 43,1 ; 40,8 ; NOP ; 
17/04/2020 ; 13:41:44 ; 165,8 ; 2000,0 ; -10,2 ; 43,4 ; 44,3 ; 41,6 ; 43,1 ; 40,8 ; NOP ; 
17/04/2020 ; 13:41:50 ; 165,8 ; 2000,0 ; -10,1 ; 43,4 ; 44,3 ; 41,6 ; 43,0 ; 40,9 ; NOP ; 
17/04/2020 ; 13:41:56 ; 169,3 ; 2000,0 ; -10,1 ; 43,4 ; 44,3 ; 41,6 ; 43,0 ; 40,9 ; NOP ; 
17/04/2020 ; 13:42:02 ; 165,8 ; 2000,0 ; -10,1 ; 43,3 ; 44,2 ; 41,5 ; 42,8 ; 40,9 ; NOP ; 
17/04/2020 ; 13:42:08 ; 165,8 ; 2000,0 ; -10,1 ; 43,2 ; 44,1 ; 41,3 ; 42,7 ; 40,8 ; NOP ; 
17/04/2020 ; 13:42:14 ; 166,1 ; 2000,0 ; -10,2 ; 43,1 ; 44,0 ; 41,3 ; 42,7 ; 40,8 ; NOP ; 
17/04/2020 ; 13:42:20 ; 165,8 ; 2000,0 ; -10,2 ; 43,1 ; 44,0 ; 41,3 ; 42,6 ; 40,8 ; NOP ; 
17/04/2020 ; 13:42:26 ; 165,8 ; 2000,0 ; -10,1 ; 42,9 ; 44,0 ; 41,2 ; 42,4 ; 40,8 ; NOP ; 
17/04/2020 ; 13:42:32 ; 165,8 ; 2000,0 ; -10,1 ; 42,8 ; 44,0 ; 41,2 ; 42,3 ; 40,7 ; NOP ; 
17/04/2020 ; 13:42:38 ; 165,8 ; 2000,0 ; -10,1 ; 42,6 ; 43,8 ; 41,0 ; 42,2 ; 40,6 ; NOP ; 
17/04/2020 ; 13:42:44 ; 165,8 ; 2000,0 ; -10,1 ; 42,6 ; 43,8 ; 41,0 ; 42,2 ; 40,6 ; NOP ; 
17/04/2020 ; 13:42:50 ; 165,8 ; 2000,0 ; -10,2 ; 42,5 ; 43,8 ; 40,9 ; 42,1 ; 40,6 ; NOP ; 
17/04/2020 ; 13:42:56 ; 165,8 ; 2000,0 ; -10,1 ; 42,4 ; 43,8 ; 40,9 ; 42,0 ; 40,6 ; NOP ; 
17/04/2020 ; 13:43:02 ; 165,8 ; 2000,0 ; -10,2 ; 42,4 ; 43,7 ; 40,8 ; 42,0 ; 40,4 ; NOP ; 
17/04/2020 ; 13:43:08 ; 165,8 ; 2000,0 ; -10,2 ; 42,4 ; 43,6 ; 40,8 ; 41,9 ; 40,4 ; NOP ; 
17/04/2020 ; 13:43:14 ; 165,8 ; 2000,0 ; -10,2 ; 42,5 ; 43,5 ; 40,8 ; 41,9 ; 40,4 ; NOP ; 
17/04/2020 ; 13:43:20 ; 166,1 ; 2000,0 ; -10,2 ; 42,4 ; 43,5 ; 40,8 ; 41,8 ; 40,4 ; NOP ; 
17/04/2020 ; 13:43:26 ; 165,8 ; 2000,0 ; -10,2 ; 42,3 ; 43,5 ; 40,7 ; 41,7 ; 40,4 ; NOP ; 
17/04/2020 ; 13:43:32 ; 165,8 ; 2000,0 ; -10,1 ; 42,3 ; 43,4 ; 40,6 ; 41,7 ; 40,3 ; NOP ; 
17/04/2020 ; 13:43:38 ; 165,8 ; 2000,0 ; -10,2 ; 42,1 ; 43,4 ; 40,5 ; 41,6 ; 40,3 ; NOP ; 
17/04/2020 ; 13:43:44 ; 165,8 ; 2000,0 ; -10,1 ; 42,1 ; 43,3 ; 40,5 ; 41,6 ; 40,3 ; NOP ; 
17/04/2020 ; 13:43:50 ; 165,8 ; 2000,0 ; -10,2 ; 42,2 ; 43,3 ; 40,6 ; 41,7 ; 40,2 ; NOP ; 
17/04/2020 ; 13:43:56 ; 165,8 ; 2000,0 ; -10,2 ; 42,3 ; 43,3 ; 40,6 ; 41,7 ; 40,2 ; NOP ; 
17/04/2020 ; 13:44:02 ; 165,8 ; 2000,0 ; -10,1 ; 42,3 ; 43,3 ; 40,6 ; 41,8 ; 40,2 ; NOP ; 
17/04/2020 ; 13:44:08 ; 165,8 ; 2000,0 ; -10,3 ; 42,3 ; 43,3 ; 40,6 ; 41,7 ; 40,2 ; NOP ; 
17/04/2020 ; 13:44:14 ; 165,8 ; 2000,0 ; -10,1 ; 42,3 ; 43,2 ; 40,5 ; 41,6 ; 40,2 ; NOP ; 
17/04/2020 ; 13:44:20 ; 165,8 ; 2000,0 ; -10,1 ; 42,4 ; 43,1 ; 40,4 ; 41,6 ; 40,2 ; NOP ; 
17/04/2020 ; 13:44:26 ; 165,8 ; 2000,0 ; -10,1 ; 42,4 ; 43,0 ; 40,4 ; 41,6 ; 40,2 ; NOP ; 
17/04/2020 ; 13:44:32 ; 165,8 ; 2000,0 ; -10,2 ; 42,1 ; 43,0 ; 40,4 ; 41,4 ; 40,2 ; NOP ; 
17/04/2020 ; 13:44:38 ; 165,8 ; 2000,0 ; -10,3 ; 42,0 ; 42,9 ; 40,3 ; 41,2 ; 40,1 ; NOP ; 
17/04/2020 ; 13:44:44 ; 165,8 ; 2000,0 ; -10,1 ; 42,1 ; 43,0 ; 40,3 ; 41,2 ; 40,0 ; NOP ; 
17/04/2020 ; 13:44:50 ; 165,8 ; 2000,0 ; -10,2 ; 42,1 ; 42,8 ; 40,3 ; 41,2 ; 40,1 ; NOP ; 
17/04/2020 ; 13:44:56 ; 165,8 ; 2000,0 ; -10,2 ; 42,0 ; 42,8 ; 40,3 ; 41,2 ; 40,1 ; NOP ; 
17/04/2020 ; 13:45:02 ; 165,8 ; 2000,0 ; -10,2 ; 41,9 ; 42,7 ; 40,3 ; 41,2 ; 40,0 ; NOP ; 
17/04/2020 ; 13:45:08 ; 165,8 ; 2000,0 ; -10,2 ; 41,9 ; 42,6 ; 40,2 ; 41,2 ; 40,0 ; NOP ; 
17/04/2020 ; 13:45:14 ; 165,8 ; 2000,0 ; -10,2 ; 41,9 ; 42,6 ; 40,2 ; 41,2 ; 39,9 ; NOP ; 
17/04/2020 ; 13:45:20 ; 165,8 ; 2000,0 ; -10,2 ; 41,9 ; 42,6 ; 40,1 ; 41,2 ; 39,9 ; NOP ; 
17/04/2020 ; 13:45:26 ; 165,8 ; 2000,0 ; -10,2 ; 41,9 ; 42,6 ; 40,0 ; 41,2 ; 39,9 ; NOP ; 
17/04/2020 ; 13:45:32 ; 165,8 ; 2000,0 ; -10,2 ; 41,7 ; 42,6 ; 40,0 ; 41,2 ; 39,8 ; NOP ; 
17/04/2020 ; 13:45:38 ; 165,8 ; 2000,0 ; -10,1 ; 41,7 ; 42,5 ; 40,0 ; 41,2 ; 39,7 ; NOP ; 
17/04/2020 ; 13:45:44 ; 165,8 ; 2000,0 ; -10,2 ; 41,7 ; 42,5 ; 40,0 ; 41,1 ; 39,7 ; NOP ; 
17/04/2020 ; 13:45:50 ; 165,8 ; 2000,0 ; -10,2 ; 41,7 ; 42,4 ; 39,9 ; 41,1 ; 39,7 ; NOP ; 
17/04/2020 ; 13:45:56 ; 165,8 ; 2000,0 ; -10,2 ; 41,7 ; 42,5 ; 39,9 ; 41,1 ; 39,6 ; NOP ; 
17/04/2020 ; 13:46:02 ; 165,8 ; 2000,0 ; -10,2 ; 41,7 ; 42,5 ; 39,9 ; 41,0 ; 39,7 ; NOP ; 
17/04/2020 ; 13:46:08 ; 166,1 ; 2000,0 ; -10,1 ; 41,6 ; 42,5 ; 39,9 ; 41,0 ; 39,6 ; NOP ; 
17/04/2020 ; 13:46:14 ; 165,8 ; 2000,0 ; -10,2 ; 41,6 ; 42,5 ; 39,9 ; 40,9 ; 39,6 ; NOP ; 
17/04/2020 ; 13:46:20 ; 165,8 ; 2000,0 ; -10,2 ; 41,5 ; 42,5 ; 39,8 ; 40,9 ; 39,6 ; NOP ; 
17/04/2020 ; 13:46:26 ; 165,8 ; 2000,0 ; -10,0 ; 41,3 ; 42,5 ; 39,8 ; 40,8 ; 39,6 ; NOP ; 
17/04/2020 ; 13:46:32 ; 165,8 ; 2000,0 ; -10,2 ; 41,2 ; 42,5 ; 39,7 ; 40,8 ; 39,4 ; NOP ; 
17/04/2020 ; 13:46:38 ; 165,8 ; 2000,0 ; -10,1 ; 41,2 ; 42,4 ; 39,7 ; 40,7 ; 39,4 ; NOP ; 
17/04/2020 ; 13:46:44 ; 165,8 ; 2000,0 ; -10,2 ; 41,2 ; 42,3 ; 39,7 ; 40,7 ; 39,4 ; NOP ; 
17/04/2020 ; 13:46:50 ; 165,8 ; 2000,0 ; -10,1 ; 41,2 ; 42,2 ; 39,7 ; 40,7 ; 39,3 ; NOP ; 
17/04/2020 ; 13:46:56 ; 165,8 ; 2000,0 ; -10,1 ; 41,2 ; 42,1 ; 39,6 ; 40,6 ; 39,3 ; NOP ; 
17/04/2020 ; 13:47:02 ; 165,8 ; 2000,0 ; -10,2 ; 41,0 ; 42,1 ; 39,6 ; 40,4 ; 39,2 ; NOP ; 
17/04/2020 ; 13:47:08 ; 165,8 ; 2000,0 ; -10,2 ; 41,0 ; 42,1 ; 39,6 ; 40,4 ; 39,2 ; NOP ; 
17/04/2020 ; 13:47:14 ; 165,8 ; 2000,0 ; -10,2 ; 41,0 ; 42,1 ; 39,4 ; 40,5 ; 39,2 ; NOP ; 
17/04/2020 ; 13:47:20 ; 165,8 ; 2000,0 ; -10,2 ; 40,9 ; 42,1 ; 39,4 ; 40,4 ; 39,1 ; NOP ; 
17/04/2020 ; 13:47:26 ; 165,8 ; 2000,0 ; -10,2 ; 41,0 ; 42,1 ; 39,3 ; 40,4 ; 39,1 ; NOP ; 
17/04/2020 ; 13:47:32 ; 165,8 ; 2000,0 ; -10,1 ; 41,1 ; 42,1 ; 39,4 ; 40,4 ; 39,2 ; NOP ; 
17/04/2020 ; 13:47:38 ; 165,8 ; 2000,0 ; -10,2 ; 41,1 ; 42,2 ; 39,4 ; 40,4 ; 39,2 ; NOP ; 
17/04/2020 ; 13:47:44 ; 165,8 ; 2000,0 ; -10,2 ; 41,2 ; 42,3 ; 39,4 ; 40,3 ; 39,2 ; NOP ; 
17/04/2020 ; 13:47:50 ; 165,8 ; 2000,0 ; -10,2 ; 41,1 ; 42,3 ; 39,4 ; 40,3 ; 39,1 ; NOP ; 
17/04/2020 ; 13:47:56 ; 165,8 ; 2000,0 ; -10,2 ; 41,1 ; 42,3 ; 39,4 ; 40,4 ; 39,1 ; NOP ; 
17/04/2020 ; 13:48:02 ; 165,8 ; 2000,0 ; -10,1 ; 41,2 ; 42,2 ; 39,4 ; 40,5 ; 39,2 ; NOP ; 
17/04/2020 ; 13:48:08 ; 165,8 ; 2000,0 ; -10,1 ; 41,2 ; 42,1 ; 39,4 ; 40,6 ; 39,2 ; NOP ; 
17/04/2020 ; 13:48:14 ; 165,8 ; 2000,0 ; -10,1 ; 41,2 ; 42,0 ; 39,4 ; 40,6 ; 39,2 ; NOP ; 
17/04/2020 ; 13:48:20 ; 166,1 ; 2000,0 ; -10,2 ; 41,0 ; 41,9 ; 39,4 ; 40,5 ; 39,1 ; NOP ; 
17/04/2020 ; 13:48:26 ; 165,8 ; 2000,0 ; -10,2 ; 41,0 ; 41,8 ; 39,4 ; 40,3 ; 39,1 ; NOP ; 
17/04/2020 ; 13:48:32 ; 165,8 ; 2000,0 ; -10,2 ; 41,1 ; 41,8 ; 39,4 ; 40,3 ; 39,1 ; NOP ; 
17/04/2020 ; 13:48:38 ; 165,8 ; 2000,0 ; -10,1 ; 41,0 ; 41,8 ; 39,3 ; 40,3 ; 39,1 ; NOP ; 
17/04/2020 ; 13:48:44 ; 165,8 ; 2000,0 ; -10,2 ; 41,0 ; 41,7 ; 39,3 ; 40,3 ; 39,1 ; NOP ; 
17/04/2020 ; 13:48:50 ; 165,8 ; 2000,0 ; -10,2 ; 41,1 ; 41,6 ; 39,3 ; 40,3 ; 39,1 ; NOP ; 
17/04/2020 ; 13:48:56 ; 165,8 ; 2000,0 ; -10,2 ; 41,2 ; 41,6 ; 39,3 ; 40,3 ; 39,1 ; NOP ; 
17/04/2020 ; 13:49:02 ; 165,8 ; 2000,0 ; -10,1 ; 41,2 ; 41,7 ; 39,3 ; 40,3 ; 39,2 ; NOP ; 
17/04/2020 ; 13:49:08 ; 166,1 ; 2000,0 ; -10,2 ; 41,2 ; 41,6 ; 39,3 ; 40,4 ; 39,2 ; NOP ; 
17/04/2020 ; 13:49:14 ; 165,8 ; 2000,0 ; -10,2 ; 41,1 ; 41,7 ; 39,3 ; 40,3 ; 39,1 ; NOP ; 
17/04/2020 ; 13:49:20 ; 165,8 ; 2000,0 ; -10,2 ; 41,1 ; 41,7 ; 39,3 ; 40,2 ; 39,1 ; NOP ; 
17/04/2020 ; 13:49:26 ; 165,8 ; 2000,0 ; -10,2 ; 41,0 ; 41,6 ; 39,3 ; 40,2 ; 39,0 ; NOP ; 
17/04/2020 ; 13:49:32 ; 165,8 ; 2000,0 ; -10,1 ; 41,0 ; 41,5 ; 39,3 ; 40,1 ; 39,0 ; NOP ; 
17/04/2020 ; 13:49:38 ; 165,8 ; 2000,0 ; -10,0 ; 40,8 ; 41,5 ; 39,3 ; 40,1 ; 39,0 ; NOP ; 
17/04/2020 ; 13:49:44 ; 165,8 ; 2000,0 ; -10,2 ; 40,8 ; 41,6 ; 39,3 ; 40,1 ; 39,0 ; NOP ; 
17/04/2020 ; 13:49:50 ; 165,8 ; 2000,0 ; -10,2 ; 40,8 ; 41,7 ; 39,2 ; 40,0 ; 39,1 ; NOP ; 
17/04/2020 ; 13:49:56 ; 165,8 ; 2000,0 ; -10,1 ; 40,9 ; 41,7 ; 39,3 ; 40,2 ; 39,1 ; NOP ; 
17/04/2020 ; 13:50:02 ; 169,6 ; 2000,0 ; -10,1 ; 41,1 ; 41,7 ; 39,4 ; 40,4 ; 39,2 ; NOP ; 
17/04/2020 ; 13:50:08 ; 165,8 ; 2000,0 ; -10,2 ; 41,5 ; 41,8 ; 39,8 ; 40,7 ; 39,4 ; NOP ; 
17/04/2020 ; 13:50:14 ; 165,8 ; 2000,0 ; -10,1 ; 41,7 ; 41,9 ; 40,0 ; 40,7 ; 39,6 ; NOP ; 
17/04/2020 ; 13:50:20 ; 165,8 ; 2000,0 ; -10,1 ; 42,0 ; 42,5 ; 40,3 ; 41,0 ; 39,9 ; NOP ; 
17/04/2020 ; 13:50:26 ; 165,8 ; 2000,0 ; -10,2 ; 42,3 ; 42,8 ; 40,6 ; 41,3 ; 40,1 ; NOP ; 
17/04/2020 ; 13:50:32 ; 166,1 ; 2000,0 ; -10,3 ; 42,4 ; 43,2 ; 40,6 ; 41,8 ; 40,1 ; NOP ; 
17/04/2020 ; 13:50:38 ; 165,8 ; 2000,0 ; -10,2 ; 42,5 ; 43,3 ; 40,7 ; 41,9 ; 40,0 ; NOP ; 
17/04/2020 ; 14:03:38 ; 165,8 ; 2000,0 ; -10,2 ; 41,4 ; 41,9 ; 39,7 ; 40,7 ; 39,4 ; NOP ; 
17/04/2020 ; 14:03:44 ; 165,8 ; 2000,0 ; -10,2 ; 41,2 ; 42,0 ; 39,6 ; 40,6 ; 39,3 ; NOP ; 
17/04/2020 ; 14:03:50 ; 165,8 ; 2000,0 ; -10,2 ; 41,2 ; 42,0 ; 39,5 ; 40,6 ; 39,3 ; NOP ; 
17/04/2020 ; 14:03:56 ; 165,8 ; 2000,0 ; -10,1 ; 41,2 ; 42,0 ; 39,4 ; 40,6 ; 39,3 ; NOP ; 
17/04/2020 ; 14:04:02 ; 165,8 ; 2000,0 ; -10,3 ; 41,2 ; 41,9 ; 39,5 ; 40,4 ; 39,2 ; NOP ; 
17/04/2020 ; 14:04:08 ; 169,6 ; 2000,0 ; -10,0 ; 41,1 ; 41,9 ; 39,6 ; 40,4 ; 39,2 ; NOP ; 
17/04/2020 ; 14:04:14 ; 166,1 ; 2000,0 ; -10,1 ; 41,0 ; 41,8 ; 39,5 ; 40,3 ; 39,0 ; NOP ; 
17/04/2020 ; 14:04:20 ; 165,8 ; 2000,0 ; -10,2 ; 41,0 ; 41,8 ; 39,4 ; 40,3 ; 39,0 ; NOP ; 
17/04/2020 ; 14:04:26 ; 165,8 ; 2000,0 ; -10,1 ; 41,0 ; 41,9 ; 39,4 ; 40,3 ; 39,0 ; NOP ; 
17/04/2020 ; 14:04:32 ; 165,8 ; 2000,0 ; -10,3 ; 40,9 ; 41,9 ; 39,4 ; 40,3 ; 39,1 ; NOP ; 
17/04/2020 ; 14:04:38 ; 165,8 ; 2000,0 ; -10,1 ; 40,9 ; 41,9 ; 39,4 ; 40,3 ; 39,1 ; NOP ; 
17/04/2020 ; 14:04:44 ; 165,8 ; 2000,0 ; -10,2 ; 41,0 ; 41,9 ; 39,4 ; 40,2 ; 39,1 ; NOP ; 
17/04/2020 ; 14:04:50 ; 165,8 ; 2000,0 ; -10,2 ; 40,9 ; 41,8 ; 39,4 ; 40,1 ; 39,2 ; NOP ; 
17/04/2020 ; 14:04:56 ; 165,8 ; 2000,0 ; -10,1 ; 40,9 ; 41,8 ; 39,4 ; 40,1 ; 39,1 ; NOP ; 
17/04/2020 ; 14:05:02 ; 169,6 ; 2000,0 ; -10,2 ; 40,8 ; 41,8 ; 39,3 ; 40,1 ; 39,0 ; NOP ; 
17/04/2020 ; 14:05:08 ; 165,8 ; 2000,0 ; -10,2 ; 40,9 ; 41,9 ; 39,2 ; 40,3 ; 38,9 ; NOP ; 
17/04/2020 ; 14:05:14 ; 166,1 ; 2000,0 ; -10,1 ; 40,9 ; 41,8 ; 39,2 ; 40,3 ; 39,0 ; NOP ; 
17/04/2020 ; 14:05:20 ; 166,1 ; 2000,0 ; -10,1 ; 41,0 ; 41,8 ; 39,3 ; 40,4 ; 39,0 ; NOP ; 
17/04/2020 ; 14:05:26 ; 165,8 ; 2000,0 ; -10,1 ; 41,3 ; 41,8 ; 39,5 ; 40,7 ; 39,2 ; NOP ; 
17/04/2020 ; 14:05:32 ; 165,8 ; 2000,0 ; -10,1 ; 41,6 ; 41,9 ; 39,7 ; 40,9 ; 39,3 ; NOP ; 
17/04/2020 ; 14:05:38 ; 165,8 ; 2000,0 ; -10,2 ; 41,7 ; 42,1 ; 39,9 ; 41,0 ; 39,5 ; NOP ; 
17/04/2020 ; 14:05:44 ; 166,1 ; 2000,0 ; -10,0 ; 41,7 ; 42,4 ; 39,9 ; 41,2 ; 39,7 ; NOP ; 
17/04/2020 ; 14:05:50 ; 166,1 ; 2000,0 ; -10,1 ; 41,9 ; 42,8 ; 40,3 ; 41,3 ; 39,8 ; NOP ; 
17/04/2020 ; 14:05:56 ; 165,8 ; 2000,0 ; -10,2 ; 42,1 ; 43,2 ; 40,5 ; 41,6 ; 39,9 ; NOP ; 
17/04/2020 ; 14:06:02 ; 165,8 ; 2000,0 ; -10,1 ; 42,2 ; 43,5 ; 40,6 ; 41,7 ; 40,0 ; NOP ; 
17/04/2020 ; 14:06:08 ; 165,8 ; 2000,0 ; -10,0 ; 42,3 ; 43,8 ; 40,6 ; 41,9 ; 40,1 ; NOP ; 
